Node Number = 2157
402266.478152 3946792.981914 1.000000
418028.408600 3935615.063005 2.892681
410834.434606 3946262.928860 2.180499
411221.352063 3945817.357841 2.545125
402646.926160 3946656.583729 1.000000
402150.694141 3946266.459017 1.000000
402824.787739 3947275.280476 3.619184
403208.471460 3947537.212198 5.054991
403990.013877 3947821.033965 4.140641
404604.733799 3948008.096857 2.481343
405211.626321 3948185.190547 2.857891
406024.165015 3948228.145753 4.904737
406809.549689 3948090.760205 6.979351
407588.026386 3947896.278654 6.071308
408131.740191 3947194.251346 2.795947
417812.529474 3934996.448217 2.422403
410047.473250 3946659.088810 2.583882
409252.755088 3946572.208863 1.000000
417514.636215 3935531.502367 2.422403
417699.765175 3936136.418147 4.637765
410327.746015 3945689.215918 4.000000
411801.441082 3945162.903912 3.000000
410916.209146 3944990.359522 4.000000
416805.007221 3939493.200476 3.000000
416512.566863 3940151.813326 4.000000
415946.761555 3940778.736685 2.586111
415345.699353 3941394.941423 1.000000
414955.764350 3941803.521369 2.000000
414359.472905 3942411.765449 4.000000
412380.486117 3944513.270921 2.825278
402718.120253 3946163.285224 1.000000
403057.320969 3946583.881106 4.331955
402624.047692 3945600.135639 1.000000
403532.470387 3946813.438337 5.054991
404077.629464 3947241.490563 4.368835
404818.554572 3947283.003553 3.690380
405550.719793 3947497.827935 3.654786
406305.582771 3947241.588878 4.292476
407179.939896 3947233.085885 5.656871
407641.406008 3946647.473011 2.827799
408504.511596 3946648.758438 1.017542
417181.600986 3935058.736144 2.422403
417539.390259 3934590.335661 1.000000
409396.163712 3945639.973619 1.869009
408609.379912 3945912.133192 1.017542
416941.032988 3938524.698506 7.822932
417058.044029 3937583.442332 4.000000
416995.798541 3938051.775429 4.000000
417385.217739 3936482.623417 4.637765
417122.596237 3937108.988107 2.000000
416968.582695 3935847.142119 7.000000
410014.836667 3944765.487014 4.500000
411439.664837 3944201.012319 4.671637
410560.304377 3944109.416980 4.000000
416068.051926 3938690.268538 9.000000
415601.028212 3939786.590135 5.500000
414813.048754 3940821.224666 5.500000
414250.257684 3941575.349417 4.500000
413543.133804 3942173.845925 6.500000
413357.991199 3943447.711959 2.388905
412049.111558 3943306.359625 12.870750
403369.591678 3945919.909875 3.249105
402983.835533 3945149.722283 1.542686
404270.038301 3946345.787140 4.201828
405448.662803 3946421.036206 3.321492
406679.628216 3946232.663441 2.000000
407778.420288 3945883.325361 3.046319
387752.734797 3945423.643045 3.580697
388591.121833 3945733.817208 7.296664
389425.031159 3945746.933271 7.940308
416532.357410 3935100.276039 3.000000
416849.044178 3934329.528910 1.000000
409150.853106 3944553.522875 5.000000
408256.787706 3944976.555504 4.496458
416297.006259 3937656.437015 5.000000
416564.210220 3936665.515998 3.000000
416138.526600 3935911.692764 8.889917
409694.201837 3943595.039406 4.500000
410862.613894 3943209.340599 7.750000
415523.555358 3937872.037796 7.500000
414924.854764 3938744.692646 9.000000
414241.079319 3939783.484348 8.500000
413445.702879 3941020.083993 7.000000
412550.947649 3942157.685383 12.000000
411370.292072 3942188.987040 8.750000
403838.983156 3945321.030801 2.944463
403262.667289 3944728.823671 1.000000
404747.545316 3945393.789179 2.670402
405834.930064 3945280.496928 2.160599
406935.617883 3945008.575110 2.652819
388343.869232 3944999.982827 8.543284
387802.575140 3944420.947560 4.771642
389059.931269 3944989.919192 10.987229
389758.077793 3944871.420616 7.586397
415819.452355 3935118.837064 5.702040
416096.452612 3934288.982105 1.000000
408456.445696 3943762.086532 7.000000
407351.424478 3943993.038176 5.750000
408797.824823 3942707.791215 7.500000
415586.385744 3936831.664997 7.644226
415245.068842 3935712.375219 9.500000
410014.523377 3942288.101565 5.750000
414542.456538 3937529.537815 10.184336
413713.421452 3938488.120798 10.196167
412892.223705 3939664.895903 16.717350
411944.880333 3940841.780269 8.750000
410744.025872 3941297.754042 8.500000
403407.985373 3944118.365960 1.000000
402727.749740 3943962.598071 6.000000
404122.151293 3944341.263148 1.626628
405018.649462 3944437.032983 1.907775
405940.050300 3943935.180776 4.500000
387856.467311 3943429.407610 8.536808
388675.296324 3944406.330164 9.927032
388334.041695 3943920.499427 8.536808
389351.485648 3944208.204018 4.293199
392165.990033 3944976.039393 1.000000
393004.997266 3944889.370926 1.219124
415196.589985 3934616.046221 8.657132
415343.984050 3933611.921745 1.000000
408975.028545 3941684.805714 9.000000
407626.884304 3942796.174773 9.500000
406598.053350 3943022.100479 7.250000
407944.812555 3941774.368826 9.500000
414429.749780 3936369.377454 10.972062
414433.488485 3935170.833449 11.237145
409707.434473 3940986.960679 8.500000
413281.260742 3937103.453004 10.853073
412424.421379 3938275.843544 12.214560
411582.288735 3939373.416854 15.973534
410660.352711 3940188.577816 9.616041
401941.358068 3943470.164186 2.500000
403561.463226 3943431.505674 6.649059
402783.868600 3943197.030243 6.000000
404555.421694 3943266.053973 9.004114
405563.560313 3942641.218948 8.000000
387933.330310 3941943.926927 8.765141
387904.093064 3942435.175471 7.023826
388279.892905 3942946.627560 5.492035
388531.611082 3943425.146361 4.687805
389041.183563 3943761.787869 4.687805
397248.957763 3944975.143935 1.000000
391526.433502 3944390.101469 1.000000
391457.529568 3943945.326588 1.000000
392385.501584 3944385.443483 1.219124
393208.217169 3944475.928964 1.000000
414977.389402 3933128.570752 1.000000
414617.889129 3932642.171382 3.974479
414413.287397 3934018.109682 9.122479
408480.174538 3940667.925648 9.691198
406619.709313 3941822.212700 9.000000
407322.796520 3940918.928679 10.013259
413456.420330 3935746.728337 11.299110
413580.514414 3934727.263751 11.000000
412461.906235 3936102.169738 11.769123
409458.519292 3939882.240547 10.732083
408460.803868 3939619.554879 10.402210
411857.697702 3937070.147943 11.626710
411056.448959 3938056.551365 11.487491
410240.534135 3938990.381357 10.898274
401352.720842 3943087.863624 3.911620
400766.821896 3942720.212515 2.823241
402195.733261 3942619.326071 5.472018
403400.640353 3942414.273667 8.469301
405256.982208 3941389.235090 9.494590
404475.498465 3942180.829434 8.969301
387955.298265 3941457.762374 8.765141
388549.978444 3941925.209373 5.901000
388651.982785 3942527.188494 1.000000
388958.248443 3943066.382973 1.000000
396297.366375 3944850.512979 1.000000
395696.744002 3944735.063928 1.000000
395069.835354 3944357.724531 1.000000
396744.282516 3944136.252705 1.726330
399627.499641 3942790.106958 4.405970
397698.864630 3943932.104231 1.000000
398774.071562 3943134.659662 7.000000
391996.655670 3943826.396309 5.413427
391382.993380 3943507.055063 1.000000
392727.292369 3943756.218421 6.508994
393477.244295 3943755.534600 4.745090
414054.468341 3931914.826983 5.852298
413689.193528 3931432.178963 1.000000
414006.638107 3933229.370851 8.801320
413735.534216 3932512.991824 11.103283
413216.057815 3933825.787053 13.685062
407467.079519 3939887.158400 11.020421
406238.585467 3940404.149825 10.516840
412413.165735 3934847.673025 12.941942
411378.149489 3935786.418017 12.432886
407851.937513 3938791.562836 11.580807
409001.524020 3938707.547423 11.252478
410571.299411 3936790.553626 11.814571
409704.487853 3937743.463472 12.206523
400371.656548 3942460.725848 2.000000
401261.314054 3942105.169058 5.567826
402448.818076 3941678.993821 8.480255
404951.350686 3940301.421727 10.503546
403739.368736 3941021.250720 9.084596
388519.060931 3941191.662738 8.243198
388125.211775 3940711.820344 5.106542
388342.546495 3940248.279347 1.000000
389124.380065 3941437.814252 6.758453
389358.264525 3942319.041405 3.000000
393756.627066 3943026.263602 5.951957
395779.602861 3943969.561278 2.000000
394793.333101 3943465.998966 1.000000
394600.401437 3942767.420547 1.000000
399632.405312 3942027.751629 6.261919
397151.672695 3943404.392983 2.509956
396384.607114 3943383.334257 2.395362
398805.917462 3942390.298182 7.000000
398039.519421 3943154.243053 4.410800
391215.517190 3942808.673798 4.443995
391028.309621 3942343.050472 3.622497
392127.274049 3943013.568600 6.916692
392986.388335 3943054.676455 7.194127
393397.218997 3942509.847629 5.951957
413319.841708 3930944.593160 5.500000
413135.994081 3931846.947657 6.535250
412952.770078 3932883.628288 14.986965
412950.556000 3930458.574070 5.863948
412582.804940 3929975.882069 1.000000
411913.885393 3933477.813600 13.784764
406619.698947 3939071.376459 11.984528
405425.912661 3939211.299588 11.468357
411048.166384 3934578.867272 13.685889
407097.720424 3938035.005013 12.318490
410140.539367 3935565.185532 12.571636
408288.335497 3937551.922743 12.522635
409248.052154 3936550.007506 12.564571
400331.749256 3941468.033467 6.224032
401318.255331 3940998.146500 9.256845
402372.707484 3940643.324786 10.025964
404089.146425 3939558.244663 11.509673
402931.498412 3939763.673941 10.044009
388575.491842 3939770.461242 1.000000
388957.858880 3940534.787004 4.621599
389579.685236 3940897.021979 5.901895
389831.835746 3941573.251887 1.000000
394023.923751 3942320.110234 1.000000
394441.266865 3942056.797782 3.030576
395672.857988 3942881.809163 5.000000
395135.146003 3942221.210778 3.563727
399105.325936 3941235.574726 6.878691
396903.977214 3942559.532815 5.443605
397949.179101 3941917.086817 8.000741
390654.492602 3941583.197306 1.000000
391885.520012 3942191.278630 2.721709
391419.793044 3941592.364269 2.800999
392744.190206 3942136.082954 5.527178
393600.523367 3941907.391414 4.698919
412460.711981 3931187.783741 12.639366
412110.887567 3932140.927753 14.000000
412046.438594 3930409.962854 6.524557
412210.282840 3929482.380916 1.000000
411043.810838 3932402.279355 14.762164
410520.953856 3933484.224046 15.249361
405891.945354 3937850.973520 13.049358
404562.125755 3938291.942689 12.461425
409689.943933 3934388.510935 14.243663
407000.601157 3936915.456241 13.258112
408926.021331 3935312.939542 12.284501
408025.511284 3936221.652699 13.724365
398975.726272 3940191.210110 9.515978
400155.040615 3940273.099364 8.947668
401507.068860 3939729.822697 9.994936
403354.063186 3938552.093683 12.461425
402329.676356 3938865.194949 11.429669
411657.476933 3928758.070390 8.304469
389266.814351 3939675.210051 2.881037
389067.510253 3938818.293773 1.000000
389824.694374 3940167.383016 4.762073
390308.860730 3940843.866722 1.000000
394378.828070 3941565.339030 3.297152
395104.491298 3941448.498941 5.235839
395950.764670 3941806.753042 5.300786
397926.073195 3940658.973722 7.081666
396856.977993 3941198.861230 6.146448
398139.087375 3939559.452537 9.999447
391223.023912 3940797.053515 1.977113
392309.640161 3941136.397606 2.145484
393395.222877 3941207.430967 6.646891
411306.830562 3931130.162270 14.750000
411215.814165 3929836.052643 9.441510
410141.157583 3931579.612239 15.500000
409950.668856 3932563.637808 15.716832
409209.242967 3933302.787662 15.749361
403619.361619 3937435.303576 13.463098
405854.960489 3936441.062962 14.261709
404756.129750 3937035.523051 14.042268
408358.567977 3934126.316356 14.380587
406861.072338 3935581.380591 15.114643
407812.689885 3935061.697203 13.784501
401423.964182 3938465.395568 12.356912
399312.604637 3939175.623729 11.032362
400409.614893 3938942.780825 11.250851
402395.907614 3937713.717471 13.468546
402818.552043 3936705.775957 14.503710
411113.893310 3928039.579436 3.529379
410684.875915 3928846.147195 10.857337
389423.094253 3938109.791556 1.000000
389989.184162 3939106.393705 3.000000
390717.795867 3939956.268882 3.390846
398445.120201 3938451.004600 11.495313
394362.566542 3940690.179819 6.953976
395641.579928 3940543.549903 7.660948
396835.069821 3939798.965758 9.754785
397423.229364 3938882.674086 10.490625
391884.714246 3940011.595175 3.000000
393207.346478 3940096.489385 7.500000
410224.209490 3930503.718521 13.500000
410115.388736 3929547.885736 16.500000
409295.231231 3930974.641595 15.500000
408914.464695 3932045.257829 16.500000
407934.171153 3933022.664525 16.750000
403752.134690 3936200.930168 15.145519
405845.829145 3935136.905506 15.913954
404820.471523 3935836.843232 14.697552
406850.028540 3934061.944545 14.779799
401395.725484 3937476.350390 14.000000
400586.736077 3937900.306190 12.962974
399546.724172 3937863.259003 13.379332
401781.317546 3936569.487557 14.503710
402586.697969 3935516.291398 15.500000
410199.241013 3928042.941752 8.029379
410365.676223 3927152.235972 2.822057
409580.889814 3926692.480816 4.644114
409560.497432 3928723.890739 14.000000
389734.514963 3937203.727759 5.163216
390477.339705 3938082.697601 9.000000
391168.719516 3939020.037170 7.000000
398329.064898 3937331.841165 14.000000
397502.417715 3937943.751241 12.000000
394566.230966 3939603.093110 8.258700
395712.623485 3939305.742031 10.000000
396439.293074 3938361.142051 11.250000
392413.818425 3938981.633940 8.500000
393653.948169 3938792.266013 11.000000
409064.535316 3929860.770040 15.750000
408229.684951 3930888.456492 17.000000
407745.249912 3931892.194989 17.000000
406756.818613 3932540.152043 16.500000
403831.202432 3935042.791615 16.000000
405500.671033 3934145.113092 16.500000
404800.644307 3934801.790457 16.500000
405644.324682 3933137.398213 15.309401
403043.488952 3934326.077509 17.000000
400470.153522 3936766.931761 14.500000
399267.322221 3936641.435049 14.500000
401199.546428 3935546.065448 15.750000
401873.476115 3934324.767402 16.912727
409210.695164 3927531.802411 8.911028
408775.350220 3926314.531416 10.372531
408434.225010 3928632.852312 14.500000
398064.080257 3936269.289068 15.000000
390434.408649 3935906.971527 5.500000
390890.768278 3936971.645951 7.971185
391618.100843 3937971.145745 7.000000
396990.493702 3936985.566546 14.500000
394961.802638 3938201.929213 12.000000
395788.361167 3937272.631370 14.000000
392765.054792 3937852.788576 12.000000
393871.640139 3937652.860816 12.750000
407665.367506 3929776.049389 16.500000
406855.316961 3931046.091504 17.500000
405726.285019 3931839.273603 17.750000
404237.227628 3933674.492044 17.500000
404759.935620 3932513.511929 18.500000
402831.497009 3933255.508454 18.000000
399961.650927 3935532.340183 15.750000
398931.692676 3935647.546396 16.056929
398106.474844 3935179.160225 16.143055
401802.031807 3933301.372295 18.000000
400471.716889 3934451.647958 17.000000
400939.436713 3933538.847969 18.000000
408043.062921 3927368.463092 13.118744
407678.945990 3926185.117376 12.570806
407104.584787 3928423.046619 15.250000
397077.836458 3935568.446424 15.478214
390650.010796 3935429.875562 8.000000
391390.309827 3935993.242666 11.000000
392051.320502 3936880.767961 11.750000
395914.341350 3936037.519654 15.500000
394607.504176 3936692.472565 14.066708
393221.754382 3936705.394630 13.092863
390857.611643 3934941.457888 11.000000
406396.247293 3929693.068959 17.500000
405506.823652 3930627.747779 18.500000
404548.590220 3931461.760602 19.000000
403703.505045 3932412.576329 18.000000
402703.807388 3931995.009591 18.500000
401936.624207 3932462.625783 19.500000
399081.485043 3934392.594415 17.000000
397586.386157 3934227.358317 17.750000
400989.036436 3932565.696718 20.000000
399892.914937 3933176.135247 19.250000
406949.415847 3927091.807804 16.261362
406758.043255 3926034.596234 13.000000
405856.246967 3928687.555567 17.000000
406029.693305 3927677.327543 16.000000
396144.875958 3934606.517132 16.500000
391572.738206 3935072.075156 11.500000
392415.581004 3935760.408922 12.750000
394863.362865 3935283.758381 16.000000
393630.868657 3935578.453449 14.974426
391831.262157 3934359.539660 15.000000
391191.452156 3934186.605011 11.999999
396647.529247 3933546.091366 19.000000
405044.409010 3929459.401334 18.500000
404230.671783 3930337.279277 19.000000
403486.434540 3931228.685367 19.000000
402494.288908 3931042.557809 20.000000
401538.323661 3931518.921706 20.000000
398523.021275 3933177.611350 19.500000
397456.812127 3932922.004416 19.500000
400236.298638 3931805.458722 20.500000
399175.193843 3932268.836065 20.000000
406069.071370 3926605.506667 16.929977
406181.825757 3925745.558500 10.487348
404783.434422 3928136.189416 17.565657
405268.664160 3927080.260850 16.000000
395622.455293 3933297.548280 19.000000
394949.953943 3934129.520595 18.000000
392700.460509 3934680.070665 15.500000
393843.317213 3934325.526515 16.500000
392209.370093 3933815.737052 17.114082
391351.439758 3933706.990744 13.055174
396502.465463 3932262.335889 20.990646
403778.341935 3929111.537145 19.374727
403035.856211 3930103.456356 20.000000
401854.051239 3930268.092314 20.986072
400840.363852 3930688.257355 21.000000
399908.269923 3930822.435256 22.000000
397920.378194 3931830.939386 20.750000
399055.766813 3931248.547966 21.628508
405599.723463 3925237.545649 4.299880
403388.615380 3927914.091572 18.042732
405196.121329 3926115.550679 11.109886
404286.247794 3926934.528561 15.701881
395189.879576 3932316.234635 20.000000
394289.437914 3933029.463493 19.501724
393063.877914 3933428.528259 18.114082
391996.340755 3933106.027527 15.960251
391278.971540 3933250.395106 10.110347
396842.790324 3930958.328534 22.504948
395569.271609 3931329.634440 22.766333
402317.263351 3928949.556664 20.418015
401062.377710 3929490.906421 21.472143
400051.710339 3929886.055924 21.926264
399180.578091 3930253.237303 22.500000
398114.268561 3930359.497834 23.126207
404766.425838 3925299.719276 3.713964
404990.049654 3924531.974205 2.239394
404601.872302 3924069.333039 2.478787
402103.841319 3927541.367010 18.876602
403104.594815 3926650.515700 15.347660
404059.119903 3925889.837814 11.090430
403989.765052 3923363.075330 2.638520
403592.886040 3922978.547832 2.638520
394234.906336 3931623.973121 21.979321
393416.129196 3932296.056016 20.000000
392473.353662 3932343.622345 19.728928
391537.437020 3932417.939353 17.106078
390791.606486 3932582.213392 12.679604
390303.778987 3931933.918557 8.441033
394838.032459 3930603.637097 23.000000
396897.497671 3929724.849426 24.003340
395781.772989 3930132.681818 23.771130
401012.963515 3928279.147847 20.771471
400095.041799 3928909.201211 21.152161
399008.169725 3929209.589207 22.906750
397882.250302 3929190.311392 24.000000
400824.770463 3927054.950947 19.242703
403977.989375 3924822.289648 4.356982
403835.518882 3924036.592470 3.000000
401869.781934 3926201.073495 16.481405
402949.318877 3925433.361333 11.290094
403263.947400 3923467.492984 1.000000
403187.933862 3922690.184034 1.000000
393876.698863 3930592.807619 23.023596
392872.579373 3931122.043024 22.311123
391902.621382 3931646.989157 20.000000
390954.141921 3931611.695594 14.247804
390018.490997 3931293.249390 8.441033
396984.761801 3928464.819881 24.177280
394567.019751 3929517.732691 24.570580
395813.164343 3928957.368669 24.537233
399602.910759 3927872.226690 21.188940
398273.517173 3928092.339544 23.242352
399758.506079 3926665.496145 20.487162
400608.345634 3925662.021892 17.852718
402582.204914 3922389.374823 1.000000
402873.605061 3924316.954326 2.306220
401752.083734 3924942.481454 11.806541
402518.396243 3923249.950305 1.000000
401769.992235 3921996.579168 1.000000
393238.361810 3929794.173101 24.000000
392139.750490 3929976.187085 23.324781
391585.068056 3930789.685365 20.121912
390559.803786 3930705.664794 11.898928
389752.335518 3930677.422912 5.440971
393625.561747 3928617.376677 25.475128
397255.354223 3927277.786158 23.868500
395954.125264 3927661.425851 25.648914
394840.442145 3928192.584137 25.529060
398563.725744 3926786.660173 22.150442
399306.357534 3925727.589111 20.000000
397399.151538 3926128.822620 23.433943
399815.035112 3924864.542739 16.099934
400629.869154 3924272.558083 8.037077
401687.277944 3922831.635206 1.141461
401638.654517 3923777.465667 2.408821
401041.372231 3922316.175854 1.492586
400958.202596 3921591.204913 1.000000
388497.473829 3930440.945380 1.616060
389107.779550 3930431.804197 3.528516
392529.839207 3928841.012068 25.145443
391559.800722 3929109.295233 25.000000
390893.174793 3929810.711651 18.783750
389872.168592 3930030.885147 10.433956
393916.145153 3927562.437068 26.551941
392754.840037 3927631.849652 27.158951
396187.402095 3926489.433503 25.531189
394848.397759 3926792.137115 26.781189
398281.452295 3925476.274363 21.757326
398906.734759 3924723.553219 17.060966
396471.571644 3925404.273500 24.000000
397399.741199 3925055.269505 22.500000
399359.097816 3923725.345658 8.268538
400507.424441 3923085.800511 4.000000
400239.959196 3922044.526916 2.315097
400341.919820 3921285.889370 1.000000
377103.816602 3926614.406860 1.000000
387704.420321 3930451.422595 2.373236
388148.492344 3929899.964743 3.140293
388979.804691 3929716.001619 8.597000
391639.556072 3928129.376336 26.000000
390640.247897 3928672.219264 23.286922
389877.957227 3929226.346331 16.781848
386895.384023 3930460.508290 6.048157
386284.819486 3930299.744704 1.000000
393519.482071 3926578.219921 28.024940
392463.338240 3926552.126464 28.500000
391607.746621 3927090.686583 27.500000
395328.475980 3925611.901522 26.892719
394118.751811 3925560.449626 28.000000
395807.767750 3924625.829498 25.500000
398044.663283 3924189.561600 19.416559
396787.752862 3924255.197050 23.500000
398325.912737 3923067.902090 17.254376
400222.657423 3918610.056273 1.000000
399248.308267 3922347.123744 7.881674
400140.708999 3919366.361167 1.000000
399595.912566 3921286.110637 2.454518
400082.636638 3919835.329933 1.000000
399987.598293 3920587.790902 1.105291
376944.541798 3925873.544523 1.000000
377078.355549 3925135.869726 7.018443
377656.765062 3926185.057885 1.000000
377848.755160 3927047.180741 1.000000
378742.836140 3927088.054972 1.000000
387396.893762 3929705.502218 3.858365
388169.085894 3929174.549993 7.000000
389006.878105 3928922.399645 13.995151
390593.223464 3927645.361649 26.000000
389555.542555 3928202.993782 21.247263
384439.399205 3929123.990960 1.000000
386544.638814 3929573.722957 1.000000
385266.375122 3929654.810043 1.000000
385671.144084 3929925.849587 1.000000
383613.643955 3928583.134150 1.000000
383207.807226 3928309.424079 4.918082
392817.187352 3925525.788892 29.250000
391600.999695 3925881.086119 28.500000
390676.504293 3926507.759076 27.750000
394732.556624 3924477.884320 26.500000
393313.333819 3924384.406090 28.725086
395750.951469 3923486.383599 24.996605
397131.221518 3923150.859429 21.227371
400309.630305 3917879.432042 1.126155
400403.046835 3917130.436070 2.889840
400423.591695 3916664.883244 2.856454
399751.273532 3915488.136700 4.321020
397801.188174 3921891.288676 12.389921
399626.251402 3918600.176143 1.000000
398679.967348 3921087.315274 2.850399
399387.023732 3919449.318734 1.228634
399318.546369 3920314.633635 1.401597
377630.229861 3924361.751274 5.898490
377941.386698 3925374.673697 7.891475
378447.524786 3926215.891750 7.324711
379265.854025 3926347.041406 7.731577
379703.263900 3927063.562361 1.000000
380589.046874 3926912.371714 1.000000
387204.523521 3928664.059516 7.500000
388359.576258 3928308.462503 14.117641
389710.705784 3927107.863522 26.500000
388828.596135 3927518.122864 21.487935
384316.272755 3928441.459038 6.245813
385010.602563 3928866.811666 6.010545
385808.723884 3928893.420447 3.177970
386653.039887 3927905.044435 8.499999
381554.086190 3927235.461905 6.741343
382382.851505 3927771.993242 1.000000
383900.622899 3927878.531957 6.245813
383197.092057 3927335.237288 4.406461
391823.868585 3924693.339065 30.313850
389721.358956 3926108.807722 29.000000
390479.413498 3925275.521670 30.000000
394360.422169 3923420.909395 27.000000
392402.465606 3923643.867737 30.000000
393279.667604 3923050.787854 27.500000
395145.947647 3922567.754305 24.500000
396293.739164 3922112.475287 21.250000
396897.235701 3921147.116189 15.605945
398457.375766 3914084.385088 8.000000
397660.609423 3914116.711948 4.072742
399390.180243 3917623.799911 1.626155
399568.883925 3916596.417311 2.907272
399006.068871 3915918.101993 5.391529
399201.246873 3914820.536408 7.162356
397693.888049 3920458.798740 7.174524
398741.716763 3918714.155551 3.354190
398501.576141 3919820.237374 3.000000
378036.188764 3923904.600332 1.000000
378627.632949 3924492.070107 7.677619
379229.556380 3925344.236222 10.401579
380116.029207 3926113.751548 1.000000
381178.280946 3926259.784733 8.045014
387681.985838 3927399.096236 16.750000
388682.996679 3926534.758075 26.000000
384872.076141 3927957.171109 1.000000
385799.981203 3927610.935325 7.500000
386620.140754 3926861.817104 15.000000
382337.800357 3926573.837479 10.625682
384229.401842 3926978.492260 5.190983
383348.980859 3926387.775001 11.782640
391383.734471 3923453.598425 30.500000
390763.210678 3924241.857236 31.000000
389013.183531 3925273.598808 29.289341
389763.234499 3924408.515781 29.500000
391052.658022 3922524.372305 29.500000
394146.019395 3922282.550394 25.500000
392166.710141 3922426.267784 27.000000
393164.793462 3922010.766178 26.000000
395057.753411 3921508.436225 23.000000
395892.021205 3920742.862582 20.000000
396724.064952 3920024.208558 15.676575
398018.014981 3914729.501415 8.972715
397044.833630 3914402.162226 1.000000
398243.561571 3917893.730140 2.930552
398409.822933 3916790.255269 2.875531
398226.129026 3915568.836928 6.695532
397378.133939 3918993.196434 12.750000
375267.194532 3918207.204859 1.000000
375508.640718 3917356.308741 1.000000
378796.452299 3923370.564892 1.000000
379771.473937 3924133.642100 10.621937
380605.986653 3925146.961103 9.693886
381802.464242 3925587.587816 13.936117
387660.044786 3925961.040903 25.224850
387964.642936 3924796.780880 28.949697
385260.084263 3926566.646205 12.586301
386282.241216 3925840.761957 19.250000
382882.314123 3925363.297650 18.020510
384200.432125 3925706.360120 13.919681
390087.613360 3923283.146549 31.000000
388793.855162 3923841.992960 30.000000
376034.575932 3916926.151255 1.000000
391315.666275 3921499.529281 27.500000
390186.450951 3922014.459364 29.494377
393865.364603 3921204.215312 23.000000
392556.654561 3921118.628007 24.500000
394784.742625 3920299.870268 19.500000
395803.837928 3919302.067586 15.662997
397200.910474 3915226.765493 3.972716
396425.859854 3914698.563607 3.538435
397265.308368 3917497.661264 6.050281
397276.855986 3916235.646049 5.006932
396216.430001 3918048.485357 11.833004
395827.208062 3914973.365005 5.076869
375946.375934 3918045.039144 1.000000
375908.254807 3918927.833633 3.200118
376669.430833 3919408.786947 1.000000
377258.578438 3919787.652202 1.000000
376312.779135 3917489.637317 1.000000
379756.762370 3922935.306699 1.000000
380500.491014 3923265.597087 7.509153
381012.751081 3923963.100710 10.751291
381796.153039 3924634.530932 16.292923
382736.170443 3924272.408992 23.395393
386784.987519 3924842.336358 25.631880
387467.695431 3923824.822016 30.578510
385310.256578 3924992.545662 21.250000
383892.329485 3924326.577372 22.283958
389072.618421 3922537.333280 30.888763
387969.075656 3922784.005977 30.888456
376626.816353 3916908.125562 1.000000
391474.308182 3920413.728715 26.177877
389323.529484 3921492.051300 29.000000
390274.103629 3920785.958824 26.456686
393505.210464 3920134.818245 21.372339
392459.955795 3919997.087055 23.000000
394356.511095 3919172.339233 17.127314
394964.677312 3918139.467089 13.292408
396244.820417 3915638.523490 7.915113
396264.754564 3916712.050668 8.747963
395320.771224 3917132.316269 11.000000
395420.761608 3915163.884452 5.000000
376645.232217 3918215.903606 2.000000
376951.168230 3918860.008748 5.947468
377733.533518 3919100.364782 7.697300
378410.529232 3919718.058832 1.000000
377079.031022 3917544.791813 5.234032
380546.518647 3922407.244606 6.211867
380472.738009 3921762.261554 1.000000
381259.083276 3922817.108850 11.607138
381951.353385 3923517.717367 17.436400
382963.072299 3923277.150353 24.531998
386168.713815 3923797.517965 28.439955
386873.806078 3922969.811416 31.783039
385015.312487 3923508.509218 28.392311
383959.066132 3922968.125272 25.990517
387105.729400 3922002.458504 31.641100
388225.740854 3921519.196860 29.476980
377394.463433 3916902.386799 5.234032
391766.701962 3919270.301909 19.501358
390712.323190 3919617.636457 22.779573
389038.628678 3920559.992953 27.633591
389746.253061 3919888.470081 24.779573
393022.295230 3918906.162864 18.712906
393849.358677 3918107.656437 13.854114
392120.043534 3918354.889399 15.694927
394206.051974 3916968.891419 11.538293
395227.019900 3916025.149067 10.148186
394886.119429 3915049.544230 7.552617
377630.572109 3918242.913620 9.878157
378461.987284 3918722.727061 9.001664
379161.397705 3919152.140348 3.000000
377848.609684 3917511.551537 11.000000
379733.777542 3918713.699728 1.000000
380249.474382 3921013.886574 7.267411
380209.190515 3920540.183768 11.084858
380232.466769 3920072.954470 14.840077
380352.681218 3919090.479666 15.624896
381214.995416 3921613.179827 7.052475
382111.902210 3922376.101603 16.481433
383057.668416 3922170.917999 24.217921
385908.956968 3922458.553696 31.753944
384829.877309 3922223.417496 31.812294
383934.231427 3921982.150630 31.386489
386302.827037 3921452.844725 32.000000
387147.082304 3920909.052903 26.860371
388012.418789 3920271.124192 25.048717
377852.666956 3916841.233034 8.078927
390924.473469 3918423.243778 17.444927
389798.581368 3918906.551936 21.560623
388839.362860 3919434.419723 23.843805
377514.655483 3916163.035739 2.000000
377166.549859 3915181.915931 1.000000
392889.373677 3917515.501151 11.720356
391668.663127 3917534.578370 15.837495
393203.346440 3916466.499267 11.701229
394014.122285 3915505.928017 9.712247
394599.753887 3914639.365870 7.552617
378585.416172 3917896.263966 12.350814
379266.659629 3918287.660830 6.063674
378638.259708 3917114.798475 14.578145
380160.016939 3918291.779443 5.803493
380716.966060 3918687.493855 11.272563
381110.113529 3920556.933329 15.063243
381055.831047 3919551.158219 18.717526
382324.137258 3921107.905793 16.801261
383360.958212 3921295.707527 25.224472
385336.916446 3921264.465178 33.935947
384319.983077 3921122.327767 33.015229
386051.188676 3920469.530958 31.491070
386940.629892 3919815.439989 23.563133
387811.532834 3919113.863629 20.000000
378466.904540 3916313.511832 8.000000
390681.799659 3917177.256028 16.190559
389879.176677 3917902.658308 19.418472
388752.243309 3918200.636336 22.943342
377140.326638 3914227.022086 1.000000
378231.289069 3915452.085128 8.328779
377889.916200 3914654.777109 7.906124
376132.977453 3910956.527441 1.000000
376744.310811 3910504.956970 2.018906
391888.368865 3916461.703844 12.772034
394177.300666 3913916.876319 7.545556
392818.264321 3915528.872419 12.223518
393628.391912 3914732.004132 12.351867
393847.160086 3910278.522654 2.828267
379595.639883 3917474.429246 13.102277
379323.093841 3916633.329959 15.309872
380619.561240 3917673.198436 11.980261
381342.741757 3918151.163338 17.872283
381607.740965 3918898.899983 18.592390
382269.153024 3919664.398233 26.699771
383419.259133 3920276.150932 27.810042
384805.881723 3919958.397318 34.655061
385856.494271 3919440.461562 25.285630
386606.579848 3918675.409668 16.702064
387519.580060 3918136.899017 18.130426
379331.038245 3915716.250176 15.219910
390493.132891 3916044.095691 14.781065
389334.917820 3916920.530944 18.254518
388001.836803 3917253.088371 23.677065
376394.973351 3911751.427222 1.000000
377132.643023 3912233.981357 1.000000
377315.726002 3912802.568785 1.000000
377226.726826 3913526.737442 1.000000
378071.965194 3913840.384839 8.209939
378981.766775 3914553.597335 15.073407
376876.319094 3911043.951040 2.018906
377125.225747 3910358.865028 2.018906
377084.559502 3908711.287301 1.000000
376951.484744 3908068.583548 2.032106
393766.034880 3913177.744931 3.000000
391570.996716 3915108.554408 11.796792
393203.908700 3913921.506142 10.473289
392656.524809 3914613.660624 12.351867
393496.118324 3912699.961794 4.196183
393844.181241 3911051.153440 2.053260
393303.500380 3910511.126217 5.480229
393230.562756 3909917.873268 7.397050
380468.331021 3916451.843940 21.860862
381523.030392 3917282.956334 19.851618
382454.958171 3918235.487584 26.787782
383633.719660 3918985.340376 37.968789
382517.477954 3917203.114407 27.825884
385156.353503 3918349.957066 28.584895
386537.105063 3917403.254911 16.589062
380175.745433 3915084.613739 23.663504
390245.368521 3914918.427482 13.500000
389170.328165 3915573.337013 17.250000
388370.084436 3916251.697348 19.500000
387369.689177 3916403.286273 22.841576
377325.350890 3911561.869117 5.428396
377869.476830 3912138.642495 6.938377
378061.598271 3912948.289192 7.076097
378973.231182 3913318.363451 14.945167
379893.607711 3913879.547025 23.571781
377310.058930 3909158.600774 1.000000
377488.979121 3909658.802201 1.000000
377611.220251 3910859.542269 7.608925
377704.262468 3910247.259112 6.027876
377796.723631 3908726.558305 1.000000
377534.108924 3908183.337457 2.410475
377540.408183 3907509.336522 2.221291
391059.635496 3914033.861219 10.500000
392733.205368 3913226.830015 7.000000
392083.516363 3913913.139989 11.500000
392629.045401 3912494.295025 3.720834
393234.695465 3911998.236738 3.218006
393351.147161 3911233.575285 4.382752
392804.507070 3910698.639470 5.480229
392698.615678 3909997.407389 5.480229
381315.873509 3915346.707713 33.016445
381845.863112 3916267.115429 28.405992
383737.228955 3917425.968866 36.092205
382957.703966 3916319.345391 35.745222
385169.701087 3916751.055507 23.425823
386398.761201 3915922.981269 20.874435
380920.857954 3914203.674067 32.185394
381867.678545 3914456.755552 40.021724
389916.381234 3913991.432877 12.000000
389018.483458 3914481.568366 16.500000
387726.830721 3915104.274765 18.453356
378233.733528 3911316.241494 12.951457
378905.158021 3912082.379817 15.228759
379869.856433 3912665.820694 22.609108
380730.153635 3913226.117324 30.826349
378050.376958 3909496.542554 1.000000
378368.677865 3910337.543875 8.216216
378482.757069 3908813.789217 4.000000
378219.985250 3907959.609060 3.705237
378317.920670 3907030.117002 1.000000
392601.611262 3909280.208365 7.605994
390456.040250 3913267.807780 11.500000
391533.331754 3912836.779827 9.113579
392152.266651 3911886.241634 2.000000
392593.771258 3911282.514645 3.191376
392191.641343 3910476.451860 3.802734
392041.352722 3909647.637977 8.349684
382722.960540 3915212.759414 39.395868
384018.197120 3915843.678627 34.726208
385189.742862 3915233.717175 26.433977
386385.740376 3914770.587458 20.667097
382759.460753 3914095.982813 42.662094
381823.099989 3913290.896678 39.577504
389219.784067 3913201.305886 13.000000
388131.141965 3913899.208103 17.500000
386962.831007 3913783.032213 21.628321
379165.466121 3910802.270752 15.597664
380101.629794 3911432.270907 24.629486
381048.695502 3912188.903501 32.778954
379114.155986 3909505.940587 9.502607
379132.380028 3908289.216195 10.685435
378893.901396 3907472.853733 5.000000
378890.648852 3906594.539835 1.000000
379272.639674 3906187.955192 1.000000
391983.578682 3908734.078685 1.000000
390209.922104 3912341.902467 10.787028
391028.223804 3911680.480769 2.362059
391670.661478 3911003.283126 2.362059
391414.067550 3910106.982880 4.000000
391408.920545 3909348.419685 6.559089
383990.335888 3914240.757404 38.167847
385478.314664 3913957.670284 30.424900
383178.673273 3913076.952276 46.703621
382224.007851 3912044.652150 42.244275
383354.687494 3912023.934115 45.710915
388878.054447 3912013.600018 12.597125
387973.705083 3912822.499088 15.183410
386928.192703 3912588.873627 20.373434
385953.377264 3912961.254661 28.718590
380191.710595 3910025.233303 19.071974
381439.959056 3910780.015346 30.745366
380083.576197 3908615.512358 18.727659
379789.800994 3907252.862904 9.861927
380122.097913 3906199.805372 1.000000
379839.507139 3905482.626067 7.185896
380213.030652 3905013.855246 11.989587
380592.173832 3904533.712469 16.892964
381158.867462 3903882.168706 17.000000
391035.835679 3908764.128431 1.000000
389834.119785 3911235.779929 12.000000
390649.512453 3910575.361537 5.000000
390605.111045 3909546.833419 7.654269
384653.086058 3912622.303185 39.462848
382873.409485 3910919.326857 42.257682
384022.488851 3911271.738172 38.242564
388638.185916 3910844.279516 8.827272
387486.529467 3911560.333032 15.198013
386044.187614 3911857.910878 26.971428
381247.837443 3909246.484556 29.279293
382528.120373 3909689.612962 39.420401
380992.147965 3907833.603519 17.752585
380899.657313 3906642.208449 8.158573
380898.615310 3905496.087246 9.392737
381389.362397 3904509.440308 18.232470
381739.046054 3903614.637364 20.986950
390427.233642 3908638.066040 1.000000
389522.935413 3910009.409871 3.911822
389837.324373 3909142.434928 3.480542
385109.801046 3911065.219954 29.394805
383992.080542 3910026.387223 34.435949
388521.095441 3909771.393610 2.000000
387525.574039 3910211.289701 8.902094
386387.255289 3910637.459733 18.623074
382192.183764 3908298.606834 27.933267
383391.222612 3908689.677124 38.018246
382004.251976 3907008.173029 17.464140
381686.427460 3906025.392390 16.162446
394184.121369 3906484.141437 1.469545
394958.723596 3905950.854832 2.410866
395379.445931 3905363.612718 1.000000
381942.602026 3905147.240468 18.193870
382084.355379 3904308.087981 21.847858
382347.602309 3903644.065705 16.116749
389742.369952 3908381.639752 6.848388
388912.917907 3908864.711892 2.274865
385402.963413 3909687.846716 22.836295
384548.196244 3908886.095585 32.223426
387771.146118 3908981.140306 3.046434
386590.564306 3909262.820839 12.749818
383144.023014 3907310.139736 26.891032
384273.572191 3907778.550955 35.361627
382834.159402 3905935.749443 25.364026
392219.344048 3907602.585549 1.000000
390631.319473 3908201.087046 3.683048
391420.461862 3907907.238911 1.000000
390055.922441 3907603.096174 5.458665
393402.378742 3906959.679807 1.836953
392812.263614 3907316.647334 1.000000
394163.263522 3905729.877702 3.757013
393505.935989 3906234.448947 3.692295
395345.899852 3904949.479519 1.000000
394782.900888 3905161.460977 1.751717
382894.626703 3904610.576596 25.024166
383099.455704 3903695.970831 22.140886
389166.066611 3907721.484804 4.311326
388147.762271 3907892.471353 6.046648
385611.801532 3908221.041719 24.090442
386929.007472 3907999.308910 13.412835
384070.435251 3906463.987982 36.117710
385077.047183 3907000.973450 33.263268
383964.530791 3905308.581826 35.248430
391875.876554 3906971.539354 2.306352
390846.224586 3907071.581288 3.818259
389730.624507 3906737.960393 3.047452
393993.681532 3905044.359843 3.076665
392662.804533 3906342.061674 2.885075
393286.036551 3905535.338413 3.463298
395192.385157 3904497.028930 1.000000
394544.755408 3904583.332643 2.503434
383967.999693 3904340.793343 28.716200
383933.035028 3903708.838059 26.800148
388617.478644 3906705.833114 6.156257
387446.073884 3906765.087072 15.531193
386207.581042 3906869.046113 24.164960
385297.355844 3905718.384493 35.924695
384951.630439 3904533.635247 27.398317
391555.848017 3906062.576189 2.782003
390465.350020 3905871.321407 4.602953
389232.310358 3905682.612176 7.939083
395403.815842 3903809.954151 1.000000
395582.542386 3903579.936294 1.000000
395929.371936 3903111.382867 1.000000
396288.359417 3902383.366671 1.000000
393934.434605 3904360.652966 6.198579
393224.620833 3904703.575083 3.708440
392373.501679 3905297.045282 4.216094
394530.039271 3903822.454876 6.000000
384796.339341 3903606.369918 19.851079
387983.357838 3905535.643079 16.831700
386723.561902 3905564.802023 26.766216
386068.807766 3904515.241321 30.168648
385583.956572 3903560.408365 21.578184
391271.225162 3904798.456381 6.036660
389944.885702 3904704.059311 12.645387
388683.710104 3904563.904613 17.934225
396877.847426 3898208.150720 1.000000
396428.223133 3901893.922091 1.000000
396576.009423 3901403.613365 1.000000
396957.385717 3898909.380265 1.000000
396991.019047 3899640.195679 1.000000
396796.928944 3900654.577213 1.000000
395023.537594 3902970.130253 1.000000
395625.775586 3902283.851383 2.469007
393435.662506 3903742.358840 6.099289
392418.957840 3904189.470964 6.944481
393906.132603 3902866.282094 5.333403
356031.671449 3909880.306122 3.469689
358541.989490 3909446.454301 8.986293
359993.610977 3909230.843850 5.591835
361115.516243 3908929.575885 2.000000
384900.525581 3902830.428787 13.565834
387357.982713 3904240.813107 28.367469
386481.177034 3903273.754850 22.349202
385614.669673 3902466.381520 12.862666
390548.620724 3903694.277229 16.169487
391602.675899 3903571.626510 9.274230
389334.906816 3903569.757560 22.976084
388277.625544 3903511.237984 26.988244
396331.812921 3897812.303108 1.000000
396242.027117 3898404.215997 1.243819
395636.081083 3901467.337732 4.136895
395988.374083 3900793.853359 2.000000
396138.616437 3899147.807393 2.099066
396004.861178 3899989.029831 3.000000
394621.404765 3901830.527669 6.052951
392549.110842 3902904.520138 7.750041
393337.698945 3901918.589438 7.977250
357365.510298 3908578.346860 8.022532
355976.721056 3907927.452545 12.469639
358738.748500 3908001.442146 16.764555
360163.471573 3907959.472540 12.764555
361804.202014 3908072.726059 1.000000
367496.331534 3908015.182165 5.000000
362990.304460 3908003.358777 3.274022
362360.958749 3906977.541601 8.768564
384877.409045 3901631.147761 3.934466
385599.112175 3901655.031802 9.706444
387469.394502 3902779.955468 27.281265
386524.734815 3902070.754595 17.823431
389991.019390 3902742.991334 25.012841
391167.404995 3902510.096992 18.480612
388719.675959 3902287.138733 34.388665
395753.900252 3897687.616040 1.000000
395461.411602 3898528.680594 2.743819
394920.747116 3900524.022321 6.984635
395113.162556 3899406.565521 4.592546
393839.260450 3900838.491486 8.184491
392072.034128 3901710.560790 9.780204
392800.737000 3901025.574524 10.000000
357137.251775 3906650.657822 23.605883
354968.990844 3905387.005780 34.398291
358918.086269 3906455.422774 28.413281
361006.591498 3907008.419430 11.660787
368508.921383 3907159.999726 1.000000
367295.621848 3906946.254468 5.000000
366247.624884 3907383.309729 1.000000
363482.903366 3906752.135035 10.800234
364384.537266 3907652.999240 3.847056
362850.163184 3905857.355846 10.800234
361553.274556 3905501.307050 21.552825
384843.920819 3900974.437911 6.868931
384332.143971 3900335.820288 2.475722
386050.939033 3900980.648697 16.214135
387468.708518 3901337.915504 27.391547
390019.487431 3901666.776280 27.515663
391064.738034 3901270.082867 18.574575
388943.495382 3900977.229843 37.744849
394955.617473 3897949.537439 4.000000
395173.709778 3897320.847716 1.000000
394415.495497 3898544.276227 6.000000
393876.263146 3899549.678617 8.501650
392920.836594 3900087.728434 10.000000
391773.428741 3900376.050329 18.282278
394581.812321 3896789.531318 1.000000
352927.045195 3901454.553964 69.938680
353948.739347 3903421.328433 52.162052
356973.651705 3904478.984927 41.090108
359779.550897 3905003.291162 30.512228
369107.887996 3906338.559141 4.516944
370169.974768 3905978.745823 1.000000
367718.373984 3905949.258487 8.506907
365893.198171 3906105.018418 8.500000
364271.619477 3905571.147430 20.585238
362827.660929 3904539.177436 21.384205
361404.705321 3903314.842702 36.417087
383704.252519 3899789.129705 1.000000
383456.432051 3898886.483072 8.513219
385421.818957 3900188.709774 11.264970
384742.401811 3899458.019278 9.713240
386688.033397 3900132.139971 21.395893
387948.869465 3900059.619591 31.490657
390295.047552 3900314.017299 28.412128
389169.684437 3899809.952840 38.276204
394161.248632 3897414.613589 4.000000
393392.473853 3898286.296354 9.500000
392444.959823 3899077.870731 12.271311
391125.531857 3899398.269127 23.126479
393982.758057 3896251.680135 1.250000
351123.009327 3898033.145848 100.964237
351604.350393 3898984.576322 92.411193
353988.184059 3899562.489311 87.335097
355922.219905 3901643.025393 65.360148
358738.282775 3902738.570972 50.508850
348280.117181 3892573.564419 150.335254
349297.170982 3894529.312757 132.654666
368771.760085 3905210.226490 11.325736
370002.639466 3904819.545668 1.000000
360345.751771 3901226.287281 55.200876
367180.504269 3904588.861907 20.245124
365554.581285 3904349.246979 22.854229
364051.557943 3903173.296856 36.078330
362451.799750 3901216.931081 55.224207
372910.335239 3899133.460384 1.000000
379677.989061 3896891.781367 1.000000
380863.134115 3897356.414816 1.000000
381460.180562 3897475.360108 1.000000
382085.531566 3897581.107322 1.000000
384136.631448 3898743.625886 10.077816
383341.991593 3898179.239657 2.863110
383311.894536 3897949.119574 1.000000
383002.350327 3897517.283378 1.000000
385887.548023 3899204.548567 19.089403
385100.335456 3898374.359481 15.578867
387153.942368 3899020.148950 29.318990
388485.104679 3898858.645560 40.037944
389938.618101 3898845.043497 32.223904
393209.670771 3897073.952715 5.750000
392311.839427 3897682.700923 12.500000
391255.281420 3898237.878023 22.048510
393035.844552 3896185.403153 4.000000
393222.060309 3895524.430407 1.000000
347030.853571 3890079.966782 172.707421
349407.550137 3890906.322886 163.855209
347015.920785 3888162.842628 188.098971
351507.963744 3895619.973833 120.579525
353482.548995 3897363.883890 105.442575
356101.198808 3898674.446676 89.234864
358313.961200 3900105.139014 71.921440
351133.002733 3892844.416097 143.063375
368692.408765 3903364.288196 16.690796
370654.183263 3902910.299612 5.500000
372167.033730 3900890.820664 9.333333
360830.791995 3899012.755388 73.389712
363103.108026 3899273.037597 71.674537
366714.506172 3902289.123486 34.703545
364779.290273 3900772.643634 54.388743
371731.636481 3898896.073949 6.000000
372308.379545 3897683.390490 13.451881
373380.020130 3897553.615312 7.000000
377684.481239 3893861.615217 1.000000
378045.071440 3894552.614228 1.500000
378465.866090 3895241.708024 2.000000
379046.408577 3896169.843712 1.000000
379847.718039 3896084.620691 5.000000
380409.090300 3896583.019163 4.604603
381160.082346 3896564.912155 7.783163
381925.421580 3896704.309645 8.155638
382533.517770 3897062.232884 6.233821
384206.884284 3897676.267001 6.500001
383461.199762 3897038.916137 6.310118
386282.731475 3898067.337593 25.345323
385336.406752 3897157.154300 16.443475
387606.021739 3897855.115556 36.058791
388991.100649 3897733.178513 32.654118
390222.612536 3897481.872225 23.673866
392219.318433 3896411.839924 10.774906
391308.386904 3896915.798021 17.945892
392459.360997 3895252.050671 4.000000
349281.329716 3888921.060340 179.824942
351444.997947 3890308.435464 163.574043
347534.355318 3885593.930863 209.133705
349142.376340 3886818.524220 196.741474
353644.939693 3894404.940806 129.232882
355994.199377 3896048.256955 110.336211
358411.542503 3897559.836241 92.370623
353672.055907 3891826.740058 149.932267
360491.180798 3896371.519651 94.767578
369337.133593 3900949.953189 24.435390
370527.408882 3899474.130114 16.685166
362693.012278 3897234.768598 85.440014
364952.041491 3898275.846141 65.543318
367050.006983 3899599.061466 45.691857
370945.894091 3897756.094018 17.100706
371945.701886 3896540.911878 6.000000
373180.368518 3896398.051923 1.000000
377852.805078 3893160.594943 1.000000
378415.583957 3893871.068827 6.843902
378980.361165 3894533.182877 4.000000
379489.464931 3895349.264292 6.500000
378652.445699 3893189.556718 6.000000
380583.752039 3895619.844168 7.397912
381712.084938 3895728.153077 15.819940
382889.052164 3896107.301540 14.410187
384130.973465 3896469.238929 13.351454
386643.388168 3896832.745332 27.209858
385226.931591 3896041.398135 22.760124
388080.457123 3896691.609337 36.643643
389322.654281 3896499.841641 26.595867
390447.469102 3896257.200011 17.396305
392740.014488 3894670.143998 1.000000
391456.502984 3895587.700619 10.388700
392010.134232 3894850.754856 3.000000
392724.135438 3893929.587537 1.000000
351344.409030 3888046.720425 181.749802
353565.596802 3889365.088447 166.065491
348154.378817 3882610.994649 225.373023
348336.358648 3881644.736744 225.396877
349555.822153 3884448.104606 209.690593
351111.415442 3885945.720693 192.393944
356199.521939 3893225.514919 133.056358
358281.825163 3894794.669216 114.593925
356112.230024 3890659.938693 143.209491
360413.677902 3893991.398564 107.160936
362352.413011 3895009.858970 89.639810
369097.696565 3898129.335469 32.172651
364615.568917 3896007.769398 70.473666
366868.770070 3896921.837645 51.025805
370558.398368 3896240.280542 17.347786
372203.635113 3895192.309668 12.766817
373294.862704 3895302.096873 4.000000
374104.642243 3894604.457712 1.000000
378424.607843 3892446.944458 2.999999
379363.005042 3893717.958153 11.224038
380053.249286 3894561.498111 12.578616
379364.907621 3892760.059651 10.925327
382511.004576 3894886.781808 24.665888
381174.014209 3894588.978695 16.924115
383967.660265 3895207.425944 23.566364
386284.016227 3895678.741826 31.696887
387424.306290 3895674.021447 38.413265
385340.091983 3894847.390653 32.389048
388779.278433 3895497.864199 32.533749
390060.365497 3895142.556856 21.904449
392024.313574 3893963.087111 6.600319
391048.746119 3894299.671653 11.868210
392527.761916 3893013.917335 5.000000
349157.669251 3877638.994047 229.451868
348865.596277 3879097.418949 225.156910
355542.205624 3888379.620670 153.355544
353528.210736 3886654.152317 172.258008
350405.605325 3882537.713378 207.371084
350263.459621 3880535.645305 209.089711
352251.988265 3884047.164566 188.275156
358945.642530 3891832.407251 118.684124
358147.863407 3888761.287063 132.305670
362043.660256 3892378.665380 93.538111
364117.946911 3893899.098892 72.948635
368722.424034 3895612.997436 32.863246
366470.385142 3894247.602570 53.939084
370723.060578 3894496.041721 25.854743
372612.722130 3893841.260007 14.406848
374269.642031 3893133.981715 1.000000
349665.512545 3875151.248590 239.663569
351106.298200 3876553.742182 223.557739
379005.435520 3891720.124309 3.000000
380469.186531 3893391.243931 20.446292
380066.977783 3892159.929083 10.294939
383233.403817 3893912.252438 34.389534
381879.095836 3893608.130545 26.607300
384519.387858 3893944.121113 34.625992
386611.626354 3894639.579448 40.441772
387778.573800 3894578.446434 40.697656
385753.746769 3893711.376972 42.090330
388920.233889 3894274.072808 31.250948
392303.074129 3892201.968040 8.999997
392359.704802 3891479.297939 8.999997
389878.942599 3893709.844636 22.349617
391509.205895 3893215.963917 13.301431
390667.390570 3893132.802195 20.063239
391707.840846 3892461.858799 12.912514
351481.549605 3878649.182408 209.184324
356394.329207 3886364.945218 149.234299
354762.002969 3884807.567055 167.305710
352717.712764 3881155.668999 188.851619
354382.911885 3882801.833356 170.603762
358777.800524 3885908.309131 129.835248
360813.796054 3889904.579119 109.104851
360396.434348 3887660.389085 113.244300
363003.280640 3890376.324718 91.199436
364897.317644 3891894.236833 74.854780
368896.908050 3893400.093195 42.898701
367212.430669 3892125.142770 56.258094
370944.954625 3892677.559784 29.181601
372798.106513 3892333.078517 14.114513
374314.919079 3891709.990685 1.000000
350285.150760 3872067.849014 246.990174
351743.858594 3874179.961210 227.425720
353232.620066 3876385.540532 206.510025
378003.279882 3890218.156907 1.000000
378592.421851 3890511.308126 1.000000
379578.270956 3891248.588087 2.000000
379186.092494 3890805.434191 1.000000
381313.143920 3892440.469864 20.506891
380679.022217 3891336.745523 10.826322
383868.561172 3892983.388221 41.621674
382730.643314 3892544.913816 31.867997
384961.491231 3892728.728193 45.004604
386952.091335 3893529.391451 49.206314
388034.699356 3893522.594433 40.552472
386149.726132 3892537.229957 52.034055
388918.819177 3892874.553272 32.541936
394040.744590 3889470.985239 1.000000
393822.449751 3889992.986264 1.000000
394033.524380 3888977.911763 1.000000
394026.813331 3888489.380473 1.000000
393904.137049 3888019.730785 1.000000
393285.551509 3890232.449441 1.000000
392742.593270 3890457.930056 5.702075
392436.905345 3890991.984900 8.000000
391632.309968 3891485.306850 14.814424
389932.696552 3892302.894678 27.504612
390942.014366 3892197.177409 19.392555
350704.281780 3870093.217588 248.763884
350982.799956 3868630.463084 254.263212
354349.887113 3878649.304704 186.259631
357007.823764 3883600.626707 148.665811
355700.173452 3880937.664846 164.951068
359926.153344 3883639.474279 125.339441
361481.588109 3885667.849353 108.139632
362919.037097 3888034.163828 92.860128
364763.020200 3889450.982693 75.294428
366812.774504 3890011.148302 58.304622
369266.637577 3890945.543938 37.305210
371552.676637 3890997.606125 19.028633
373369.403887 3891058.897131 4.500000
352436.841227 3871743.559593 229.598082
354057.625339 3873790.493255 208.670944
355905.475210 3875985.633347 185.675960
376453.455918 3890004.864398 1.000000
375669.142570 3890058.850664 1.000000
374877.289955 3890100.917728 1.000000
377223.108972 3889971.334067 1.000000
378215.524727 3889638.138453 1.000000
379153.374264 3889847.889771 1.000000
380132.802144 3890311.655845 7.429537
381928.826452 3891414.328877 20.835296
381319.658197 3890503.694508 17.040672
383983.714464 3891883.182462 38.824308
383027.610528 3891262.860164 29.701680
385193.285278 3891433.940879 49.143182
387613.436326 3892278.685284 44.021114
386514.725893 3891499.266946 54.806012
388929.778436 3891383.816166 37.270727
393331.533418 3889355.290857 6.744500
393390.254316 3888444.485851 6.100668
393606.037450 3887559.237234 4.443299
392475.414506 3889761.174736 8.500216
391772.919366 3890498.186359 13.459699
390508.844846 3890896.166332 24.056380
352752.662584 3869602.644416 238.106721
352633.762923 3867390.767763 255.128764
351608.496763 3865620.572283 264.991702
352280.931054 3864292.167986 263.355071
357274.466381 3878696.263814 164.560443
358414.481019 3881202.737684 143.152938
360880.143600 3881457.215863 123.340727
362912.952318 3883308.362823 101.319722
363782.319431 3885876.873542 89.674838
365790.529474 3887421.572894 69.389394
368468.604435 3888395.733854 46.599837
370787.221608 3889165.780841 27.063162
372532.629291 3889733.786197 12.385129
373936.056388 3889490.968733 1.000000
354656.269798 3871141.247666 218.507462
356305.802260 3873023.358310 198.452851
357887.123007 3874613.374317 180.488244
358689.584694 3876673.421161 162.748311
376357.665652 3889140.916386 7.979010
375232.141199 3889117.840686 2.503979
377554.700734 3888967.708036 8.542228
378742.702757 3888797.664406 8.955684
379919.537598 3889027.156260 9.995566
381169.898727 3889393.273814 18.523885
382505.918483 3890092.006959 27.081970
383966.280170 3890542.968955 39.172644
384524.290324 3889547.712212 46.886526
385129.727370 3890307.738545 48.661294
386195.988371 3890426.067458 57.236862
387509.374371 3890881.434686 49.320273
389408.080544 3890268.392617 34.197332
388310.833628 3889975.806564 43.276645
392451.673388 3888819.614310 14.184639
392724.102520 3887870.554560 11.700877
393260.009738 3887140.801132 4.443299
391272.850577 3889434.319072 18.464334
390145.938011 3889500.702969 27.488045
353435.673929 3863178.515880 259.444694
354697.347298 3868466.977929 236.508455
354130.314673 3865682.815512 244.829873
360313.821656 3878974.810203 140.165758
362981.683750 3880353.883569 116.137875
365348.008648 3881918.213096 93.433796
365676.955284 3884519.641384 77.181450
368113.702059 3885886.127697 54.827102
370553.096629 3886993.063614 33.398260
372670.115419 3888051.792499 14.461460
374340.773024 3888264.333957 1.000000
357041.674189 3870186.992199 213.231216
358593.745051 3872543.172402 190.812645
360107.427550 3874530.537609 170.788063
360995.333177 3876565.711406 152.972535
359516.080992 3870617.378774 193.154822
376888.606982 3888110.921489 17.240666
375661.171591 3887815.950383 12.150192
378051.830446 3887811.784970 18.607864
379395.805203 3887707.959178 19.143124
380821.075220 3887984.190289 21.042972
382247.594125 3888504.553920 29.708277
383461.895104 3889152.209252 37.820099
384503.486866 3888515.256581 47.590378
385670.489836 3889125.867276 56.653469
387025.711231 3889543.151572 54.121049
394400.840778 3883386.645846 1.000000
394012.917804 3884513.238183 1.000000
389106.480390 3888969.165010 36.829044
387902.608562 3888637.550740 46.813366
391627.903632 3887984.191293 20.510024
392280.185957 3886724.443515 12.958792
393043.177808 3885499.496007 17.715055
390314.626669 3888110.123256 31.056240
394004.340388 3882434.018294 1.000000
355536.918102 3863312.936209 242.615717
355871.055158 3861066.971812 248.509670
357060.371325 3860005.862366 243.332338
356803.454203 3867185.000837 220.295073
356788.345298 3864879.865872 226.542954
362980.974967 3877756.344945 134.445273
365298.280538 3879231.789447 112.458175
367602.848037 3880699.769748 90.588922
367922.901108 3883184.120752 70.478984
370301.841634 3884462.953951 48.869384
372469.789673 3885807.355672 28.453377
374161.473034 3886822.501124 12.664298
359345.977292 3868260.065475 198.215760
361213.677578 3872487.832092 176.719445
362844.471317 3874835.710809 153.800101
361721.229410 3869970.891086 174.782156
376929.291909 3886837.233139 24.974770
375608.204684 3886252.342413 24.711526
378386.329684 3886440.210745 29.939856
380273.694832 3886393.152837 31.818042
381900.012076 3886773.732197 34.035034
383608.276172 3887472.458590 43.380668
385335.148675 3887603.323827 57.223645
386602.776925 3888174.848043 57.848258
393375.973737 3883302.004410 7.999998
392764.547708 3884451.690642 9.350183
388825.197435 3887608.911631 43.623511
387588.023204 3887333.757568 53.756119
390973.458086 3886599.399253 23.451839
391716.480611 3885433.141250 20.850683
389651.380707 3886587.426308 34.019797
393098.694267 3881944.040661 1.000000
357898.928512 3862542.874621 228.431125
359071.493292 3860499.518671 226.776755
359106.968416 3858241.243251 240.591045
359402.543603 3865269.714004 205.415440
365201.705812 3876517.337579 130.620252
367432.678923 3878035.311405 109.020912
369313.683855 3879280.162436 90.966449
370332.567518 3881677.013061 70.070081
372537.966258 3883442.123557 47.450528
374564.067916 3884822.955675 29.036849
361984.081091 3867283.307403 179.201603
363710.894130 3872041.818673 161.322965
365466.871026 3874006.213977 149.589641
364192.479313 3869425.930319 154.552804
377007.816737 3884647.317064 41.775158
379317.427265 3884952.219364 44.014224
381493.218158 3884587.121680 49.289772
383154.146999 3885674.969284 47.388016
384842.918051 3886000.918321 58.773918
386456.284228 3886546.974128 62.136103
392201.060935 3883091.253590 12.675814
391402.198405 3884131.009547 20.539731
388218.608079 3885840.031087 46.949899
390070.935478 3884941.009081 33.010662
393455.945015 3879147.644951 1.000000
391835.610020 3881864.368254 11.116841
392766.631887 3880726.269471 1.000000
359902.672882 3857533.156876 240.551234
361115.912944 3856493.445473 244.641300
362324.296194 3855428.911289 248.160715
360477.893422 3862405.338145 207.789348
361096.069505 3859642.348430 221.114739
362502.440860 3864552.855014 184.142120
363549.317288 3854369.517081 248.890197
364743.637329 3853299.993162 245.102623
367594.529407 3875700.269553 127.812630
371423.639502 3879220.368403 86.718732
369885.736736 3877069.864215 107.914742
373079.047675 3881156.481119 66.303654
375060.222118 3882769.019542 45.997856
367647.348062 3873486.742359 132.537968
365017.752398 3866523.349639 158.558143
366515.397563 3871378.897115 138.285819
366485.311604 3868947.823150 135.829669
377137.154396 3882265.039312 60.930469
379360.346990 3882939.423302 60.178041
381975.307511 3882439.412988 66.958056
384052.850383 3883861.795288 63.620903
386360.024920 3884711.158217 60.590527
390401.869648 3882767.034258 24.675944
388394.877266 3883620.835722 42.120812
392293.299808 3879563.201249 9.000000
392712.605433 3878008.575887 1.000000
390957.041858 3880674.249478 15.470463
395464.425443 3875827.940571 2.293526
362534.087954 3857743.902288 229.498514
364258.947699 3855922.553931 235.191170
362911.312370 3861744.669832 198.855749
363420.634484 3859520.858066 213.567721
365086.032721 3863523.192277 176.359007
365859.041544 3854330.461722 232.939242
366786.175239 3851557.046776 239.163438
366418.963894 3855937.088718 219.284662
373557.254657 3879070.993553 83.478003
369602.167606 3874503.203648 128.646780
372421.301330 3877288.231674 100.429523
371407.306985 3875486.569856 117.011597
375610.018089 3880137.562586 67.577199
367338.421316 3864851.025719 155.434977
369336.275466 3872095.265489 115.016115
367905.117025 3867259.214997 137.597199
368749.249286 3869723.454754 116.692316
378275.911845 3880476.316037 77.932481
380523.279719 3880640.189392 80.846543
382613.670434 3880415.849582 83.987873
384359.281202 3881482.764315 73.638960
386383.741555 3882503.470863 55.499511
388663.061990 3881116.122559 34.145990
391357.886368 3878827.382226 13.667222
389915.064049 3879408.651084 26.108160
391807.621835 3877678.208019 12.694078
393021.947753 3877146.079754 2.089502
394209.943645 3876621.301742 2.089502
394231.378762 3874907.792898 14.612163
395790.012412 3874249.609876 7.373042
395579.451448 3872782.351957 1.000000
365240.928558 3858176.370138 215.465302
365459.244269 3860805.875707 194.281429
367304.628686 3857582.395931 204.297072
367541.635284 3862302.011308 173.754043
368393.345888 3850150.384434 230.932208
367730.935035 3854056.355509 221.940651
368745.056700 3852321.192313 222.347144
368473.786786 3855985.143575 205.354862
374882.149663 3877485.918706 89.648577
371892.619498 3873244.609797 117.683651
373416.626937 3875399.300898 110.091460
377249.794159 3878367.061494 86.911048
369624.304998 3863802.250511 153.205291
369470.328407 3865875.718791 136.512638
371219.136971 3870595.671423 95.744965
370600.155355 3867937.130083 117.656743
379567.830985 3878459.217926 97.138341
381854.681664 3878558.468262 87.855375
384314.631745 3878968.895055 72.968292
386433.032918 3879923.101822 54.382882
388294.627410 3878532.151387 40.647399
390191.140665 3877727.958467 24.171189
391323.135040 3876428.356293 10.360814
392764.038183 3875628.732861 14.446502
392786.851706 3873945.922190 16.584922
394348.205383 3873169.446165 11.320486
367884.104777 3859616.781967 193.579636
369148.673669 3857855.829399 189.395096
369866.095218 3861546.731854 171.417936
369771.454587 3851075.397153 217.646099
369612.931387 3849087.178101 223.699980
370820.553526 3848019.102096 217.723256
369757.332839 3854400.414125 206.958719
370740.161445 3852719.728782 206.081878
370666.348688 3856568.379349 188.095820
375347.009023 3875278.059252 107.759655
376705.923869 3876430.959883 103.052843
373577.616531 3871456.880014 115.824652
374572.578460 3873450.496453 116.452253
378659.863968 3876313.199420 101.145877
371827.393022 3863350.912377 151.979715
371468.981792 3865476.445083 138.597473
373004.762539 3869080.432092 114.497567
372927.190388 3866997.173646 129.947879
374977.936276 3869858.415907 106.910031
381002.868782 3876532.972779 84.315505
383575.397096 3876803.095422 68.164125
386351.793593 3877142.603955 52.059676
389011.472413 3876055.589835 29.079398
390965.900710 3874742.527933 24.195859
391299.693217 3872948.508187 11.000000
392925.755422 3872103.581412 1.750000
370840.815185 3859226.179922 171.958588
372000.733107 3861246.075321 158.373056
371412.834881 3850774.732406 204.306920
372598.057748 3852402.351811 191.015844
372086.981683 3849189.846051 203.907915
372452.646442 3847007.419484 210.658943
373277.764764 3846662.130808 208.194637
374881.258492 3846049.289162 202.463587
372269.015445 3854706.972722 187.805674
372774.564552 3857362.394035 170.079076
373804.828462 3862460.848709 140.963275
377191.632078 3874100.473178 99.041019
376137.228527 3871796.141620 98.209836
379760.647158 3874385.570777 83.342967
373950.104541 3865030.350638 130.306616
375244.392038 3867578.547937 110.846876
377068.569415 3869669.061372 90.131247
382322.821397 3874742.909534 66.487142
384868.231188 3874854.035162 49.411320
387180.277831 3874869.147738 46.544728
389152.699870 3873247.892132 27.188685
390856.853369 3871014.914982 4.673075
373688.850271 3859877.640538 148.600806
374483.583545 3853294.611267 174.327948
373980.807648 3850843.076181 183.773745
373868.091880 3848504.673051 194.149718
375298.003267 3847425.511487 190.922077
376103.685744 3845578.738022 202.173817
377318.136425 3845105.466129 203.119350
378138.060093 3844785.322534 199.942646
374765.069652 3855732.774700 166.220208
374939.915764 3857916.056343 153.640763
375749.670760 3861566.791230 127.263076
375621.137414 3863601.805978 123.795991
378856.790673 3871829.939610 76.470682
381236.457919 3872807.500451 66.032646
376604.041403 3865532.572826 108.713120
377957.321738 3867560.750696 89.162139
379293.047606 3869555.732687 72.327949
383541.012794 3872727.301322 47.601161
386357.385198 3872835.517048 29.304358
388550.699522 3870922.559720 15.396950
376291.769715 3859490.251408 137.011257
383408.239890 3842751.124169 193.937596
382579.787334 3843082.871161 193.725512
381367.184335 3843546.861610 197.315095
379344.857851 3844327.957247 200.555270
380164.931778 3844002.230294 197.310723
376729.266014 3854462.257962 154.076367
376324.552415 3851845.245699 163.384599
376271.823850 3849316.127221 173.861726
377138.412950 3847012.397205 187.998427
379039.908598 3846081.739497 187.280446
377180.949701 3857091.083098 144.042198
378805.398940 3855461.295942 135.644255
390278.011372 3840114.001253 194.659825
388267.629692 3840879.513965 192.676640
377706.651049 3861102.611759 119.819866
377827.740033 3863236.514419 105.916460
381594.707664 3870546.639254 52.283205
379269.234455 3865563.531979 88.241917
380683.518633 3867777.968411 67.302054
384324.511588 3870733.578749 30.412182
386397.490530 3870903.308187 13.786481
378649.766720 3859282.555627 122.888536
387032.188843 3841370.408790 192.441738
385422.732398 3841994.783115 191.131848
384770.300205 3843485.339440 181.555705
383029.036113 3844448.554933 182.186389
381047.590688 3845248.171505 185.068410
378553.317255 3853083.006284 142.984356
378643.472760 3850774.405703 151.579216
378848.022100 3848437.797294 170.172620
381002.973544 3847425.670452 168.235751
380314.415335 3854145.574090 126.523398
379875.370454 3857484.089022 122.278703
381031.493445 3855826.029589 117.610600
392296.409843 3839356.832032 202.552537
390833.801839 3841568.816216 182.161252
388726.895404 3842531.262849 178.914580
379803.918444 3861514.087169 102.733948
380398.738665 3863624.930751 85.130572
383140.942183 3868202.751668 47.365186
382196.331095 3865413.523109 64.815016
385468.831252 3868623.710533 28.453739
387357.880036 3868720.003155 19.340763
381264.747752 3859682.209097 103.888854
386718.478393 3843470.702275 175.392382
388497.827737 3844200.994779 165.382506
385144.258863 3845236.166392 167.183099
383080.939852 3846436.010714 166.222765
380963.732714 3852223.952163 129.682775
381149.340407 3849895.643846 148.368464
383247.855509 3848787.934286 147.290120
382666.198590 3854385.508860 107.626615
382595.581003 3857285.004533 100.477568
393934.464920 3838705.303905 205.405657
394744.838694 3838392.783230 209.254511
393402.135946 3840858.174141 187.602861
396357.959375 3837776.365681 212.221420
398021.645118 3837546.204691 214.052043
399254.996302 3837692.032060 214.748123
392752.439927 3842849.191275 170.794251
390563.049979 3843518.258692 166.359243
382477.264617 3862349.662611 80.697513
384954.140518 3866348.293147 41.528007
384355.640083 3864132.529159 59.951723
387404.064666 3866910.534001 21.431774
389623.816522 3868172.000460 1.000000
391063.279479 3867403.457117 2.413543
383683.672499 3859917.375421 84.462156
389903.415648 3845306.544775 151.062549
387567.389409 3846049.875448 153.598289
385460.466590 3847497.729557 148.848394
383583.499359 3851591.720926 124.618084
385410.719206 3849858.032514 129.891908
384888.759557 3853647.685601 105.088373
384759.953768 3855910.960786 86.886221
384795.056822 3858048.620094 81.857497
391977.338611 3866676.286960 1.000000
394321.176872 3844086.377624 161.194053
395793.872582 3839946.399837 194.222719
395347.064356 3842135.892462 176.282096
397827.380076 3838992.421367 202.335358
399442.838599 3839171.640224 202.772595
400488.856282 3837838.350201 211.268542
402513.007167 3838071.605909 212.337760
404137.507726 3838262.533224 211.948697
392137.052445 3845367.047234 149.987213
394722.311770 3846117.938622 144.568512
385410.027313 3862073.647579 62.570122
387096.899090 3864486.380601 39.327090
389251.707932 3866142.232559 17.567014
390770.405103 3865633.910724 10.328367
386339.617338 3859789.295983 63.208424
390105.692107 3847332.006013 134.718798
387901.776850 3849064.631000 129.243943
386699.608818 3851997.081425 109.862395
386873.597502 3854851.759830 86.898101
386851.664315 3857431.790243 66.181440
391876.697159 3865303.527870 5.000000
392774.845465 3865594.977245 1.000000
396662.315312 3844193.447907 156.698486
398277.180814 3841496.712358 181.906608
401093.788569 3840087.204021 192.573587
403613.996479 3839717.240854 199.541161
405381.053883 3838415.167140 214.486507
392581.039860 3847730.111722 130.682864
394791.428594 3848230.063920 127.600044
397372.168215 3847185.810779 132.008636
387975.941716 3861869.059706 41.995418
389689.748824 3863782.557172 26.095987
391283.765193 3864301.755527 14.336526
388821.227804 3859265.905250 44.622595
390898.536454 3849781.353645 114.055123
389204.624142 3851476.364546 107.254675
389124.468192 3853906.760998 87.729191
388926.021827 3856507.973581 66.782897
392608.099201 3864301.632637 4.500000
406591.124578 3838550.893837 215.253567
408645.573056 3838800.039888 219.482862
410693.509718 3839042.827022 221.647049
398991.296965 3844510.092168 157.090390
400861.676486 3842726.489978 171.299512
403205.990743 3841600.991833 184.066976
405569.884739 3840589.258528 196.963274
399788.842942 3846659.719202 140.761352
393440.670906 3850246.532550 109.340018
396031.821437 3849910.273524 110.856034
399849.308834 3848764.951034 123.849142
398098.836023 3849826.333536 110.023686
390288.874066 3861489.423895 23.258255
391708.503954 3862849.563336 8.306024
390659.651455 3857860.070750 49.444491
391270.811862 3859719.875964 33.732066
391916.551309 3852755.738711 88.822467
391426.046014 3855732.103834 64.604470
393404.114973 3863004.563805 1.000000
413114.301766 3839320.806873 228.490235
407457.608356 3840667.153551 201.736807
409552.086985 3840482.548466 206.919822
411568.473364 3840839.285757 211.130802
401543.289659 3845338.893628 149.625574
402956.514318 3843765.255140 166.573922
404982.085403 3843178.598036 175.647071
407191.096122 3842624.149864 185.878497
402092.350991 3847724.500589 129.972590
394848.159788 3852457.373839 88.321880
397297.976722 3852036.003179 91.161777
401766.999687 3850235.018685 109.646299
399699.684083 3851329.885765 103.219128
392846.489299 3861089.210275 17.012009
393196.150761 3858289.459540 39.665943
394020.346229 3855300.679228 64.551985
394360.489424 3862848.277916 1.000000
415543.207280 3839613.095868 243.848351
416801.011877 3839769.456871 250.542289
414014.468426 3841192.773101 226.235246
418820.942459 3839998.541100 256.804902
409575.921929 3842630.702974 189.669439
412091.892993 3842804.755121 206.141979
404273.415315 3846020.575105 152.133952
406385.741253 3844915.252332 166.387603
408668.607224 3844900.408403 170.053934
404436.787445 3849126.142110 127.511779
396636.405654 3854695.726538 69.160857
398949.024869 3853642.119878 83.706909
403407.441843 3851698.622027 105.277776
401525.810058 3852990.885949 87.433772
395131.949625 3860603.434340 20.050306
396129.219294 3857734.210350 44.427990
396702.610231 3863035.819275 10.553428
420894.194490 3840274.852215 261.252825
416565.184777 3841665.510928 235.200868
414292.086240 3843399.432225 212.309880
418934.421265 3842141.985002 239.568339
414503.696586 3845528.971064 199.193522
411606.851132 3845227.284799 186.307155
406982.209982 3847396.564235 145.899589
409538.821885 3847081.141024 164.062200
406821.712014 3850000.130390 124.953130
405558.859894 3851873.106704 106.840444
398568.928259 3856275.862303 62.341938
400371.345281 3855174.469829 67.620321
404051.643647 3854136.133772 85.038908
402269.774842 3855318.747459 67.920580
397555.687350 3860398.968655 32.008626
398857.469193 3858532.885317 44.072274
398611.300885 3862257.133475 14.867003
421365.866351 3842707.142611 250.647356
423336.867841 3841068.679515 271.173981
417049.703874 3844264.299618 216.822729
419415.941325 3844215.996144 230.905091
416333.263563 3846697.180278 196.464167
421393.528392 3845034.777799 234.860304
413684.202430 3847381.557927 182.938772
415392.886514 3848467.975605 180.380468
411558.239386 3848425.108022 163.991253
409137.961509 3849575.216658 143.779653
408271.403503 3852395.272753 121.167298
406412.067556 3853967.122606 101.668899
405471.985959 3856084.074425 83.084432
401088.114870 3857612.236142 47.224482
403645.580719 3856888.457362 67.120462
400487.208466 3860468.785502 23.790179
400362.322346 3863075.744963 2.833333
423616.891874 3843989.754592 254.513887
425409.186654 3843259.069666 269.996546
416257.808712 3849957.956351 176.757612
419010.517223 3846449.185462 212.681944
417695.293844 3848483.446940 193.256147
421373.726577 3847108.966466 221.383606
423754.471105 3846118.733464 242.008899
413832.319406 3850127.449778 162.127333
411280.056473 3851563.387385 138.693142
410092.808222 3853667.458738 119.315122
408225.233711 3855396.848769 98.926915
406759.204938 3857460.164548 78.633780
405244.279607 3858708.378680 62.914973
403218.149350 3859573.165430 45.293944
403027.077200 3861985.773737 25.861470
403017.371578 3864078.039023 10.006625
426537.643684 3845136.334101 265.614636
428280.735973 3846410.155526 268.729289
415857.053210 3851745.887052 162.047636
418044.212148 3850676.819752 181.524393
420172.110387 3849101.523385 202.721600
422943.415007 3848578.354197 225.269351
425160.172174 3847640.536141 244.523975
413825.118215 3852810.927030 143.691149
412219.968266 3854414.349142 125.514345
410518.020534 3855504.951053 109.335319
410051.681314 3857166.616609 95.482036
408524.393249 3857856.070032 82.077243
407579.092662 3859605.085963 66.128858
405715.919746 3861454.018914 45.100597
405190.740600 3864030.622155 23.989534
404744.334224 3866133.185630 6.733806
427146.317972 3848141.833091 252.128127
429504.626153 3847778.982535 271.203817
415749.012776 3853718.585420 149.569162
417710.185857 3852861.334269 166.690532
419917.111733 3851769.797008 186.389195
422332.496234 3850818.333252 207.153805
425044.922360 3849948.157391 229.934248
414457.531601 3855526.578466 131.755784
412206.593412 3857248.199892 109.065593
410280.223681 3859394.665858 85.953760
414335.938525 3858023.927339 121.827116
408594.722194 3861658.502267 63.327439
410886.853440 3861719.852817 80.753915
405327.437326 3869082.857401 4.213620
407451.487730 3864049.939301 42.061880
406579.671402 3866618.667498 21.914148
427119.283381 3850467.239465 247.032858
429021.649894 3849892.948899 262.924009
431162.804539 3849627.126059 280.172846
417117.651580 3855189.389887 153.191548
419404.728967 3854257.576832 172.944914
421553.152011 3853305.794451 191.743001
423948.984053 3852520.273232 211.906131
426186.426312 3852431.472445 229.806439
416454.587806 3857337.141676 139.638608
413012.467938 3860063.373551 102.331722
415740.095862 3859820.262375 122.255209
412832.704688 3862272.073188 90.028599
409715.756239 3864003.566121 60.165041
411582.309217 3863595.364919 75.441183
405424.186993 3870330.077829 3.213620
407280.827787 3868748.146768 20.057578
408952.324538 3866651.056207 40.881320
428453.294465 3852277.223028 247.969818
430707.493405 3851927.333474 266.207131
433258.247668 3851907.104210 283.654693
418887.714657 3856673.575480 159.804136
421135.650064 3855840.019418 178.979757
423061.053196 3854817.305870 196.424675
425219.136336 3854855.573609 210.793030
427555.818727 3854575.085859 229.607614
418258.615329 3859003.002341 143.309952
417506.693621 3861416.111202 123.022058
414944.126244 3862301.665265 101.339356
413309.012958 3864273.239849 80.809741
411342.293182 3865639.000140 61.642381
407377.607844 3870860.944829 19.400382
406322.312270 3872989.508163 5.750000
409267.954860 3869553.145921 37.207028
411197.569948 3868078.010126 56.654453
407600.802144 3875028.695361 6.500000
429931.959230 3854284.026819 248.745671
428945.459503 3856534.305296 229.337314
432323.315201 3854054.138069 264.863804
434884.679652 3853732.284214 276.571268
420872.544550 3858260.263309 164.604941
423558.857107 3857215.016905 187.660871
426446.264606 3857046.324058 208.940421
420056.469685 3860654.729617 144.301414
417089.502744 3863701.599114 115.488679
419298.487111 3862862.118295 134.389300
415228.130982 3865013.087710 97.260871
413397.927959 3866676.152126 77.535974
417038.164554 3865896.505343 111.424952
409018.612941 3872437.581668 27.753825
411299.110364 3870773.726002 50.353283
413354.863242 3869086.868243 71.648651
409859.194207 3874672.886579 22.366894
409400.329397 3876952.491438 3.698859
431570.370770 3856244.506681 246.273530
428262.633475 3859155.851140 209.201817
430503.647261 3858123.914372 228.939382
434056.571121 3856124.255069 256.254406
436525.573487 3855560.304925 270.527665
422769.424965 3860045.188218 166.533155
425350.623031 3859455.721898 187.702879
421787.307109 3862388.442273 154.644381
418908.456730 3865181.992340 126.819170
420741.689357 3864354.178933 142.198954
415704.481752 3867682.820355 93.553881
418398.551845 3867480.895973 107.914713
411631.620643 3873234.849257 40.643248
413589.203067 3871723.105713 60.447501
415269.825862 3870184.980767 78.695515
411837.821683 3875887.868757 24.975254
411426.696342 3878551.103052 5.333333
421770.398059 3888943.647989 1.000000
421268.497541 3888198.785777 1.000000
421050.294303 3887760.697300 1.000000
426838.180345 3861174.720142 189.391439
428961.683114 3861500.685866 194.701094
433107.603949 3858514.871639 235.613414
430861.050027 3860192.112343 213.165922
436069.502184 3858091.035799 249.880344
438581.267893 3857805.803875 254.964447
439827.633923 3859191.449717 248.195617
434930.280969 3859921.405225 232.590098
424582.609673 3862375.063703 168.946354
422842.433249 3864571.885172 146.481227
420922.106299 3866602.155369 124.089416
422929.586523 3889067.590661 1.000000
440643.598944 3861595.897559 227.599488
417454.714338 3869801.170558 87.813522
419999.174617 3869161.636392 102.254056
413984.423898 3874264.115591 46.316366
416243.882569 3872403.950087 64.781898
413559.794391 3879643.150784 2.750000
414042.260965 3877162.355750 23.039841
422203.455489 3888108.311027 1.000000
420731.485129 3886979.999996 1.000000
421803.412234 3887351.788647 1.000000
420387.441365 3886455.739719 1.000000
427164.425477 3863310.812586 174.264667
429291.935545 3863464.465946 186.425097
431201.541570 3862473.278916 203.640832
433052.491856 3861115.618523 218.893287
437729.842013 3860653.851934 231.103095
435054.839035 3861890.485808 216.746120
423246.945243 3866683.585205 132.358337
425503.312832 3865274.363446 153.650634
422388.144257 3868752.722619 114.381750
423010.196147 3887960.126953 1.000000
438627.528890 3862918.506553 213.002003
440665.943245 3863547.287850 211.928234
418991.765497 3871686.271617 80.440143
421391.945072 3871134.127312 93.667749
416221.364735 3875196.440781 42.357955
418239.982867 3873935.241741 61.407988
416557.292717 3881220.603130 3.669593
415496.659335 3879585.576697 5.833333
416351.275007 3877339.154869 25.121447
422788.398887 3887101.012473 1.000000
421213.704313 3886620.995434 1.000000
422328.357701 3886371.597430 1.000000
419374.285289 3885763.057869 1.000000
418585.589218 3884830.121036 1.093135
418288.458365 3883423.214739 3.446839
417892.470758 3882618.683807 6.562122
420708.317994 3885444.193973 9.516887
428335.926142 3865336.556094 169.561593
430937.923837 3864732.500138 187.224902
433539.653427 3863670.164983 198.013171
436335.147195 3863636.190121 204.686377
424934.698974 3868051.568647 131.844006
427222.754736 3867376.481645 150.920010
424009.525704 3870477.886900 111.004727
423635.006710 3886870.806629 1.000000
438862.254207 3865161.707410 194.891620
440681.494767 3866548.305818 187.826486
420743.621075 3873882.623810 70.997196
423116.763304 3872585.296950 92.639044
418867.226044 3876295.010880 46.498958
418182.859305 3880441.761645 18.090466
417945.881391 3878514.157889 27.217951
421200.541214 3876150.079998 63.090919
423562.697417 3886118.778250 1.000000
421906.032095 3885320.350105 10.091487
423152.732428 3885262.907329 8.614570
419902.611185 3884068.094005 13.269868
419437.630477 3882361.958165 15.976495
421470.939645 3884184.496267 19.748926
420258.790019 3880903.229526 29.403044
429991.058545 3867167.190235 166.260742
432585.898489 3866245.462666 175.972505
434813.475520 3865484.691003 185.495736
436824.972839 3866316.311346 185.710862
426379.584769 3869968.025062 130.387162
428377.638134 3869140.735425 145.954164
425778.136999 3872637.883183 109.015544
424350.882815 3886782.292903 1.000000
438783.645229 3867538.323364 175.796006
440687.173400 3868561.369494 171.660439
423596.235352 3874810.076079 84.349421
420571.797062 3878779.000912 41.390635
422899.434515 3877337.900438 63.301812
424452.975410 3885395.511648 10.185075
423369.302909 3883893.112436 19.748657
421497.615645 3882640.614396 30.413454
422104.281594 3880771.219130 44.193436
430288.178466 3869458.105526 147.711445
432278.718913 3868567.968406 157.161420
434606.875667 3867679.622013 167.792967
436611.027131 3868847.278602 165.315332
426049.519481 3875016.083541 97.796056
428666.169744 3871536.597518 126.577142
428120.621378 3873958.534095 106.645556
424725.696228 3886629.669220 4.237249
438687.334729 3869921.278820 156.645500
440701.430077 3870572.609002 155.509680
440709.617431 3872056.660147 143.592570
425117.786751 3877064.070336 79.743976
423597.439241 3879312.182668 57.982685
425343.211772 3884672.226113 19.370143
424070.606352 3882261.843081 33.996346
431626.222732 3871148.603720 135.792908
434202.181834 3870138.836882 147.782272
436422.285137 3871333.836547 145.290821
427759.187988 3876596.102212 85.270537
430807.466997 3873354.371824 116.909927
429778.641545 3875324.063378 99.083944
427077.925781 3885727.514026 9.565789
438865.933149 3872227.870235 138.067871
440719.664887 3873559.556035 131.523511
426454.372692 3878867.185052 68.554267
425788.128498 3880835.675542 51.874488
427755.360395 3884275.181234 22.002495
426675.753949 3882692.181050 37.366774
428640.000391 3878610.219479 67.629914
433844.730048 3873013.523588 124.522209
436686.598736 3873682.502169 126.312150
430301.267138 3877279.325022 82.836540
432150.221786 3875409.009771 100.996010
428982.512131 3886080.186010 4.500000
439041.576682 3874540.368984 119.444952
440729.434252 3875047.263271 119.576434
440739.436649 3876556.265811 107.459245
437386.717924 3875636.791655 113.305711
429683.521683 3884647.449305 17.297432
428371.783134 3880778.687199 50.085879
429070.132108 3882876.469044 32.340255
430647.254565 3879479.957563 64.950523
434810.114344 3875873.020316 103.195373
432657.027063 3877786.399974 81.480423
430303.252862 3886182.408657 10.477990
431037.337766 3887109.316336 1.000000
440758.860553 3878012.863628 95.761430
438874.351342 3876868.814210 100.699468
436608.090883 3877414.216614 97.734788
431107.603818 3885189.963139 20.716641
431115.850042 3883645.621585 31.289811
430910.648972 3881690.106710 47.078507
432890.048930 3880390.866618 60.483940
434881.048622 3878697.497618 80.507824
431861.900646 3886358.007148 9.935194
431893.165462 3888131.190884 6.262183
439382.766674 3879339.139336 80.450724
440766.090397 3880551.527929 77.853534
437311.613122 3879514.433198 81.351844
432610.323388 3884968.847583 22.592813
433285.384097 3882991.824104 39.359648
435200.333159 3881151.782677 60.634561
433295.702313 3886778.008904 14.136616
433832.764747 3888324.119824 1.000000
440780.111733 3882549.496032 66.059179
438744.763468 3882182.805284 57.053393
436994.082860 3882239.912836 60.018938
434430.817528 3885262.508286 29.316379
435826.771580 3883764.279661 45.725063
435171.379016 3887184.530128 14.127172
440810.944347 3883993.500045 54.460893
438498.681777 3884576.811660 37.728809
436680.988182 3885753.710325 29.128003
436665.719266 3887352.535185 16.288943
435491.231416 3888558.718331 2.799595
440803.762876 3886526.291939 34.122180
438708.172215 3887214.402347 16.482803
436986.697271 3888581.364785 8.667849
440839.882767 3889046.167653 19.247895
438678.116383 3889022.045916 1.965597
