Node Number = 2157
402266.478152 3946792.981914 35.660158
418028.408600 3935615.063005 35.560820
410834.434606 3946262.928860 35.656191
411221.352063 3945817.357841 35.652209
402646.926160 3946656.583729 35.658966
402150.694141 3946266.459017 35.655400
402824.787739 3947275.280476 35.664561
403208.471460 3947537.212198 35.666960
403990.013877 3947821.033965 35.669595
404604.733799 3948008.096857 35.671341
405211.626321 3948185.190547 35.672996
406024.165015 3948228.145753 35.673461
406809.549689 3948090.760205 35.672297
407588.026386 3947896.278654 35.670617
408131.740191 3947194.251346 35.664339
417812.529474 3934996.448217 35.555225
410047.473250 3946659.088810 35.659691
409252.755088 3946572.208863 35.658835
417514.636215 3935531.502367 35.560024
417699.765175 3936136.418147 35.565493
410327.746015 3945689.215918 35.650973
411801.441082 3945162.903912 35.646361
410916.209146 3944990.359522 35.644726
416805.007221 3939493.200476 35.595681
416512.566863 3940151.813326 35.601594
415946.761555 3940778.736685 35.607198
415345.699353 3941394.941423 35.612702
414955.764350 3941803.521369 35.616352
414359.472905 3942411.765449 35.621784
412380.486117 3944513.270921 35.640556
402718.120253 3946163.285224 35.654526
403057.320969 3946583.881106 35.658351
402624.047692 3945600.135639 35.649440
403532.470387 3946813.438337 35.660467
404077.629464 3947241.490563 35.664379
404818.554572 3947283.003553 35.664825
405550.719793 3947497.827935 35.666832
406305.582771 3947241.588878 35.664594
407179.939896 3947233.085885 35.664600
407641.406008 3946647.473011 35.659364
408504.511596 3946648.758438 35.659456
417181.600986 3935058.736144 35.555734
417539.390259 3934590.335661 35.551541
409396.163712 3945639.973619 35.650444
408609.379912 3945912.133192 35.652825
416941.032988 3938524.698506 35.586961
417058.044029 3937583.442332 35.578485
416995.798541 3938051.775429 35.582702
417385.217739 3936482.623417 35.568588
417122.596237 3937108.988107 35.574213
416968.582695 3935847.142119 35.562824
410014.836667 3944765.487014 35.642617
411439.664837 3944201.012319 35.637657
410560.304377 3944109.416980 35.636752
416068.051926 3938690.268538 35.588380
415601.028212 3939786.590135 35.598224
414813.048754 3940821.224666 35.607484
414250.257684 3941575.349417 35.614234
413543.133804 3942173.845925 35.619568
413357.991199 3943447.711959 35.631036
412049.111558 3943306.359625 35.629646
403369.591678 3945919.909875 35.652396
402983.835533 3945149.722283 35.645415
404270.038301 3946345.787140 35.656323
405448.662803 3946421.036206 35.657115
406679.628216 3946232.663441 35.655534
407778.420288 3945883.325361 35.652488
387752.734797 3945423.643045 35.646270
388591.121833 3945733.817208 35.649161
389425.031159 3945746.933271 35.649373
416532.357410 3935100.276039 35.556054
416849.044178 3934329.528910 35.549132
409150.853106 3944553.522875 35.640627
408256.787706 3944976.555504 35.644358
416297.006259 3937656.437015 35.579079
416564.210220 3936665.515998 35.570168
416138.526600 3935911.692764 35.563336
409694.201837 3943595.039406 35.632036
410862.613894 3943209.340599 35.628665
415523.555358 3937872.037796 35.580957
414924.854764 3938744.692646 35.588773
414241.079319 3939783.484348 35.598079
413445.702879 3941020.083993 35.609158
412550.947649 3942157.685383 35.619335
411370.292072 3942188.987040 35.619512
403838.983156 3945321.030801 35.647043
403262.667289 3944728.823671 35.641648
404747.545316 3945393.789179 35.647787
405834.930064 3945280.496928 35.646870
406935.617883 3945008.575110 35.644523
388343.869232 3944999.982827 35.642518
387802.575140 3944420.947560 35.637237
389059.931269 3944989.919192 35.642508
389758.077793 3944871.420616 35.641518
415819.452355 3935118.837064 35.556161
416096.452612 3934288.982105 35.548703
408456.445696 3943762.086532 35.633428
407351.424478 3943993.038176 35.635407
408797.824823 3942707.791215 35.623955
415586.385744 3936831.664997 35.571583
415245.068842 3935712.375219 35.561463
410014.523377 3942288.101565 35.620283
414542.456538 3937529.537815 35.577785
413713.421452 3938488.120798 35.586355
412892.223705 3939664.895903 35.596892
411944.880333 3940841.780269 35.607418
410744.025872 3941297.754042 35.611421
403407.985373 3944118.365960 35.636159
402727.749740 3943962.598071 35.634688
404122.151293 3944341.263148 35.638238
405018.649462 3944437.032983 35.639188
405940.050300 3943935.180776 35.634752
387856.467311 3943429.407610 35.628305
388675.296324 3944406.330164 35.637204
388334.041695 3943920.499427 35.632786
389351.485648 3944208.204018 35.635494
392165.990033 3944976.039393 35.642727
393004.997266 3944889.370926 35.642037
415196.589985 3934616.046221 35.551575
415343.984050 3933611.921745 35.542535
408975.028545 3941684.805714 35.614749
407626.884304 3942796.174773 35.624643
406598.053350 3943022.100479 35.626583
407944.812555 3941774.368826 35.615461
414429.749780 3936369.377454 35.567316
414433.488485 3935170.833449 35.556511
409707.434473 3940986.960679 35.608525
413281.260742 3937103.453004 35.573834
412424.421379 3938275.843544 35.584328
411582.288735 3939373.416854 35.594148
410660.352711 3940188.577816 35.601414
401941.358068 3943470.164186 35.630171
403561.463226 3943431.505674 35.629982
402783.868600 3943197.030243 35.627792
404555.421694 3943266.053973 35.628587
405563.560313 3942641.218948 35.623051
387933.330310 3941943.926927 35.614923
387904.093064 3942435.175471 35.619348
388279.892905 3942946.627560 35.624001
388531.611082 3943425.146361 35.628343
389041.183563 3943761.787869 35.631435
397248.957763 3944975.143935 35.643261
391526.433502 3944390.101469 35.637375
391457.529568 3943945.326588 35.633358
392385.501584 3944385.443483 35.637427
393208.217169 3944475.928964 35.638332
414977.389402 3933128.570752 35.538146
414617.889129 3932642.171382 35.533730
414413.287397 3934018.109682 35.546117
408480.174538 3940667.925648 35.605536
406619.709313 3941822.212700 35.615768
407322.796520 3940918.928679 35.607691
413456.420330 3935746.728337 35.561618
413580.514414 3934727.263751 35.552438
412461.906235 3936102.169738 35.564735
409458.519292 3939882.240547 35.598543
408460.803868 3939619.554879 35.596083
411857.697702 3937070.147943 35.573408
411056.448959 3938056.551365 35.582229
410240.534135 3938990.381357 35.590574
401352.720842 3943087.863624 35.626666
400766.821896 3942720.212515 35.623293
402195.733261 3942619.326071 35.622526
403400.640353 3942414.273667 35.620796
405256.982208 3941389.235090 35.611735
404475.498465 3942180.829434 35.618796
387955.298265 3941457.762374 35.610543
388549.978444 3941925.209373 35.614824
388651.982785 3942527.188494 35.620262
388958.248443 3943066.382973 35.625157
396297.366375 3944850.512979 35.642038
395696.744002 3944735.063928 35.640934
395069.835354 3944357.724531 35.637466
396744.282516 3944136.252705 35.635646
399627.499641 3942790.106958 35.623808
397698.864630 3943932.104231 35.633905
398774.071562 3943134.659662 35.626827
391996.655670 3943826.396309 35.632345
391382.993380 3943507.055063 35.629399
392727.292369 3943756.218421 35.631792
393477.244295 3943755.534600 35.631867
414054.468341 3931914.826983 35.527124
413689.193528 3931432.178963 35.522741
414006.638107 3933229.370851 35.538971
413735.534216 3932512.991824 35.532489
413216.057815 3933825.787053 35.544279
407467.079519 3939887.158400 35.598403
406238.585467 3940404.149825 35.602948
412413.165735 3934847.673025 35.553421
411378.149489 3935786.418017 35.561792
407851.937513 3938791.562836 35.588562
409001.524020 3938707.547423 35.587911
410571.299411 3936790.553626 35.570772
409704.487853 3937743.463472 35.579284
400371.656548 3942460.725848 35.620914
401261.314054 3942105.169058 35.617798
402448.818076 3941678.993821 35.614074
404951.350686 3940301.421727 35.601899
403739.368736 3941021.250720 35.608271
388519.060931 3941191.662738 35.608208
388125.211775 3940711.820344 35.603838
388342.546495 3940248.279347 35.599684
389124.380065 3941437.814252 35.610495
389358.264525 3942319.041405 35.618465
393756.627066 3943026.263602 35.625323
395779.602861 3943969.561278 35.634042
394793.333101 3943465.998966 35.629398
394600.401437 3942767.420547 35.623080
399632.405312 3942027.751629 35.616936
397151.672695 3943404.392983 35.629091
396384.607114 3943383.334257 35.628821
398805.917462 3942390.298182 35.620120
398039.519421 3943154.243053 35.626928
391215.517190 3942808.673798 35.623085
391028.309621 3942343.050472 35.618867
392127.274049 3943013.568600 35.625032
392986.388335 3943054.676455 35.625496
393397.218997 3942509.847629 35.620629
413319.841708 3930944.593160 35.518313
413135.994081 3931846.947657 35.526432
412952.770078 3932883.628288 35.535762
412950.556000 3930458.574070 35.513899
412582.804940 3929975.882069 35.509515
411913.885393 3933477.813600 35.541027
406619.698947 3939071.376459 35.590969
405425.912661 3939211.299588 35.592117
411048.166384 3934578.867272 35.550876
407097.720424 3938035.005013 35.581671
410140.539367 3935565.185532 35.559686
408288.335497 3937551.922743 35.577427
409248.052154 3936550.007506 35.568483
400331.749256 3941468.033467 35.611961
401318.255331 3940998.146500 35.607824
402372.707484 3940643.324786 35.604730
404089.146425 3939558.244663 35.595116
402931.498412 3939763.673941 35.596855
388575.491842 3939770.461242 35.595403
388957.858880 3940534.787004 35.602336
389579.685236 3940897.021979 35.605671
389831.835746 3941573.251887 35.611795
394023.923751 3942320.110234 35.618986
394441.266865 3942056.797782 35.616657
395672.857988 3942881.809163 35.624225
395135.146003 3942221.210778 35.618213
399105.325936 3941235.574726 35.609741
396903.977214 3942559.532815 35.621449
397949.179101 3941917.086817 35.615766
390654.492602 3941583.197306 35.611976
391885.520012 3942191.278630 35.617593
391419.793044 3941592.364269 35.612143
392744.190206 3942136.082954 35.617189
393600.523367 3941907.391414 35.615220
412460.711981 3931187.783741 35.520430
412110.887567 3932140.927753 35.528992
412046.438594 3930409.962854 35.513381
412210.282840 3929482.380916 35.505033
411043.810838 3932402.279355 35.531253
410520.953856 3933484.224046 35.540960
405891.945354 3937850.973520 35.579898
404562.125755 3938291.942689 35.583746
409689.943933 3934388.510935 35.549037
407000.601157 3936915.456241 35.571569
408926.021331 3935312.939542 35.557301
408025.511284 3936221.652699 35.565410
398975.726272 3940191.210110 35.600313
400155.040615 3940273.099364 35.601171
401507.068860 3939729.822697 35.596409
403354.063186 3938552.093683 35.585974
402329.676356 3938865.194949 35.588696
411657.476933 3928758.070390 35.498454
389266.814351 3939675.210051 35.594622
389067.510253 3938818.293773 35.586875
389824.694374 3940167.383016 35.599121
390308.860730 3940843.866722 35.605273
394378.828070 3941565.339030 35.612220
395104.491298 3941448.498941 35.611244
395950.764670 3941806.753042 35.614563
397926.073195 3940658.973722 35.604422
396856.977993 3941198.861230 35.609178
398139.087375 3939559.452537 35.594532
391223.023912 3940797.053515 35.604952
392309.640161 3941136.397606 35.608130
393395.222877 3941207.430967 35.608888
411306.830562 3931130.162270 35.519808
411215.814165 3929836.052643 35.508133
410141.157583 3931579.612239 35.523755
409950.668856 3932563.637808 35.532609
409209.242967 3933302.787662 35.539205
403619.361619 3937435.303576 35.575932
405854.960489 3936441.062962 35.567184
404756.129750 3937035.523051 35.572438
408358.567977 3934126.316356 35.546551
406861.072338 3935581.380591 35.559529
407812.689885 3935061.697203 35.554933
401423.964182 3938465.395568 35.585002
399312.604637 3939175.623729 35.591192
400409.614893 3938942.780825 35.589204
402395.907614 3937713.717471 35.578322
402818.552043 3936705.775957 35.569277
411113.893310 3928039.579436 35.491928
410684.875915 3928846.147195 35.499161
389423.094253 3938109.791556 35.580528
389989.184162 3939106.393705 35.589575
390717.795867 3939956.268882 35.597317
398445.120201 3938451.004600 35.584571
394362.566542 3940690.179819 35.604329
395641.579928 3940543.549903 35.603143
396835.069821 3939798.965758 35.596556
397423.229364 3938882.674086 35.588357
391884.714246 3940011.595175 35.597944
393207.346478 3940096.489385 35.598853
410224.209490 3930503.718521 35.514063
410115.388736 3929547.885736 35.505436
409295.231231 3930974.641595 35.518224
408914.464695 3932045.257829 35.527841
407934.171153 3933022.664525 35.536562
403752.134690 3936200.930168 35.564817
405845.829145 3935136.905506 35.555426
404820.471523 3935836.843232 35.561638
406850.028540 3934061.944545 35.545830
401395.725484 3937476.350390 35.576083
400586.736077 3937900.306190 35.579824
399546.724172 3937863.259003 35.579385
401781.317546 3936569.487557 35.567946
402586.697969 3935516.291398 35.558531
410199.241013 3928042.941752 35.491876
410365.676223 3927152.235972 35.483861
409580.889814 3926692.480816 35.479645
409560.497432 3928723.890739 35.497957
389734.514963 3937203.727759 35.572395
390477.339705 3938082.697601 35.580401
391168.719516 3939020.037170 35.588927
398329.064898 3937331.841165 35.574470
397502.417715 3937943.751241 35.579901
394566.230966 3939603.093110 35.594551
395712.623485 3939305.742031 35.591992
396439.293074 3938361.142051 35.583553
392413.818425 3938981.633940 35.588717
393653.948169 3938792.266013 35.587144
409064.535316 3929860.770040 35.508161
408229.684951 3930888.456492 35.517349
407745.249912 3931892.194989 35.526353
406756.818613 3932540.152043 35.532102
403831.202432 3935042.791615 35.554384
405500.671033 3934145.113092 35.546452
404800.644307 3934801.790457 35.552305
405644.324682 3933137.398213 35.537381
403043.488952 3934326.077509 35.547846
400470.153522 3936766.931761 35.569595
399267.322221 3936641.435049 35.568342
401199.546428 3935546.065448 35.558662
401873.476115 3934324.767402 35.547719
409210.695164 3927531.802411 35.487178
408775.350220 3926314.531416 35.476164
408434.225010 3928632.852312 35.497033
398064.080257 3936269.289068 35.564864
390434.408649 3935906.971527 35.560783
390890.768278 3936971.645951 35.570431
391618.100843 3937971.145745 35.579521
396990.493702 3936985.566546 35.571210
394961.802638 3938201.929213 35.581962
395788.361167 3937272.631370 35.573672
392765.054792 3937852.788576 35.578579
393871.640139 3937652.860816 35.576896
407665.367506 3929776.049389 35.507268
406855.316961 3931046.091504 35.518642
405726.285019 3931839.273603 35.525686
404237.227628 3933674.492044 35.542088
404759.935620 3932513.511929 35.531672
402831.497009 3933255.508454 35.538174
399961.650927 3935532.340183 35.558414
398931.692676 3935647.546396 35.559348
398106.474844 3935179.160225 35.555041
401802.031807 3933301.372295 35.538486
400471.716889 3934451.647958 35.548723
400939.436713 3933538.847969 35.540541
408043.062921 3927368.463092 35.485598
407678.945990 3926185.117376 35.474896
407104.584787 3928423.046619 35.495018
397077.836458 3935568.446424 35.558444
390650.010796 3935429.875562 35.556506
391390.309827 3935993.242666 35.561666
392051.320502 3936880.767961 35.569739
395914.341350 3936037.519654 35.562551
394607.504176 3936692.472565 35.568317
393221.754382 3936705.394630 35.568285
390857.611643 3934941.457888 35.552126
406396.247293 3929693.068959 35.506401
405506.823652 3930627.747779 35.514743
404548.590220 3931461.760602 35.522170
403703.505045 3932412.576329 35.530660
402703.807388 3931995.009591 35.526798
401936.624207 3932462.625783 35.530938
399081.485043 3934392.594415 35.548050
397586.386157 3934227.358317 35.546407
400989.036436 3932565.696718 35.531773
399892.914937 3933176.135247 35.537166
406949.415847 3927091.807804 35.483002
406758.043255 3926034.596234 35.473453
405856.246967 3928687.555567 35.497285
406029.693305 3927677.327543 35.488194
396144.875958 3934606.517132 35.549675
391572.738206 3935072.075156 35.553382
392415.581004 3935760.408922 35.559679
394863.362865 3935283.758381 35.555645
393630.868657 3935578.453449 35.558170
391831.262157 3934359.539660 35.546987
391191.452156 3934186.605011 35.545358
396647.529247 3933546.091366 35.540168
405044.409010 3929459.401334 35.504166
404230.671783 3930337.279277 35.512002
403486.434540 3931228.685367 35.519966
402494.288908 3931042.557809 35.518191
401538.323661 3931518.921706 35.522391
398523.021275 3933177.611350 35.537040
397456.812127 3932922.004416 35.534626
400236.298638 3931805.458722 35.524844
399175.193843 3932268.836065 35.528914
406069.071370 3926605.506667 35.478535
406181.825757 3925745.558500 35.470793
404783.434422 3928136.189416 35.492212
405268.664160 3927080.260850 35.482739
395622.455293 3933297.548280 35.537820
394949.953943 3934129.520595 35.545249
392700.460509 3934680.070665 35.549971
393843.317213 3934325.526515 35.546898
392209.370093 3933815.737052 35.542126
391351.439758 3933706.990744 35.541052
396502.465463 3932262.335889 35.528580
403778.341935 3929111.537145 35.500908
403035.856211 3930103.456356 35.509778
401854.051239 3930268.092314 35.511146
400840.363852 3930688.257355 35.514833
399908.269923 3930822.435256 35.515949
397920.378194 3931830.939386 35.524838
399055.766813 3931248.547966 35.519704
405599.723463 3925237.545649 35.466158
403388.615380 3927914.091572 35.490075
405196.121329 3926115.550679 35.474035
404286.247794 3926934.528561 35.481331
395189.879576 3932316.234635 35.528928
394289.437914 3933029.463493 35.535262
393063.877914 3933428.528259 35.538728
391996.340755 3933106.027527 35.535705
391278.971540 3933250.395106 35.536928
396842.790324 3930958.328534 35.516860
395569.271609 3931329.634440 35.520074
402317.263351 3928949.556664 35.499305
401062.377710 3929490.906421 35.504061
400051.710339 3929886.055924 35.507522
399180.578091 3930253.237303 35.510744
398114.268561 3930359.497834 35.511593
404766.425838 3925299.719276 35.466639
404990.049654 3924531.974205 35.459739
404601.872302 3924069.333039 35.455531
402103.841319 3927541.367010 35.486589
403104.594815 3926650.515700 35.478656
404059.119903 3925889.837814 35.471891
403989.765052 3923363.075330 35.449105
403592.886040 3922978.547832 35.445600
394234.906336 3931623.973121 35.522586
393416.129196 3932296.056016 35.528557
392473.353662 3932343.622345 35.528884
391537.437020 3932417.939353 35.529452
390791.606486 3932582.213392 35.530851
390303.778987 3931933.918557 35.524953
394838.032459 3930603.637097 35.513452
396897.497671 3929724.849426 35.505746
395781.772989 3930132.681818 35.509306
401012.963515 3928279.147847 35.493132
400095.041799 3928909.201211 35.498720
399008.169725 3929209.589207 35.501318
397882.250302 3929190.311392 35.501029
400824.770463 3927054.950947 35.482077
403977.989375 3924822.289648 35.462259
403835.518882 3924036.592470 35.455162
401869.781934 3926201.073495 35.474483
402949.318877 3925433.361333 35.467668
403263.947400 3923467.492984 35.449976
403187.933862 3922690.184034 35.442961
393876.698863 3930592.807619 35.513252
392872.579373 3931122.043024 35.517915
391902.621382 3931646.989157 35.522542
390954.141921 3931611.695594 35.522120
390018.490997 3931293.249390 35.519146
396984.761801 3928464.819881 35.494396
394567.019751 3929517.732691 35.503634
395813.164343 3928957.368669 35.498714
399602.910759 3927872.226690 35.489322
398273.517173 3928092.339544 35.491171
399758.506079 3926665.496145 35.478459
400608.345634 3925662.021892 35.469498
402582.204914 3922389.374823 35.440190
402873.605061 3924316.954326 35.457596
401752.083734 3924942.481454 35.463125
402518.396243 3923249.950305 35.447942
401769.992235 3921996.579168 35.436569
393238.361810 3929794.173101 35.505984
392139.750490 3929976.187085 35.507506
391585.068056 3930789.685365 35.514779
390559.803786 3930705.664794 35.513909
389752.335518 3930677.422912 35.513565
393625.561747 3928617.376677 35.495417
397255.354223 3927277.786158 35.483723
395954.125264 3927661.425851 35.487046
394840.442145 3928192.584137 35.491717
398563.725744 3926786.660173 35.479430
399306.357534 3925727.589111 35.469958
397399.151538 3926128.822620 35.473380
399815.035112 3924864.542739 35.462229
400629.869154 3924272.558083 35.456974
401687.277944 3922831.635206 35.444089
401638.654517 3923777.465667 35.452611
401041.372231 3922316.175854 35.439378
400958.202596 3921591.204913 35.432834
388497.473829 3930440.945380 35.511293
389107.779550 3930431.804197 35.511279
392529.839207 3928841.012068 35.497315
391559.800722 3929109.295233 35.499628
390893.174793 3929810.711651 35.505878
389872.168592 3930030.885147 35.507750
393916.145153 3927562.437068 35.485938
392754.840037 3927631.849652 35.486439
396187.402095 3926489.433503 35.476505
394848.397759 3926792.137115 35.479093
398281.452295 3925476.274363 35.467588
398906.734759 3924723.553219 35.460866
396471.571644 3925404.273500 35.466752
397399.741199 3925055.269505 35.463702
399359.097816 3923725.345658 35.451913
400507.424441 3923085.800511 35.446263
400239.959196 3922044.526916 35.436849
400341.919820 3921285.889370 35.430020
377103.816602 3926614.406860 35.475454
387704.420321 3930451.422595 35.511298
388148.492344 3929899.964743 35.506377
388979.804691 3929716.001619 35.504812
391639.556072 3928129.376336 35.490803
390640.247897 3928672.219264 35.495587
389877.957227 3929226.346331 35.500498
386895.384023 3930460.508290 35.511288
386284.819486 3930299.744704 35.509769
393519.482071 3926578.219921 35.477023
392463.338240 3926552.126464 35.476674
391607.746621 3927090.686583 35.481436
395328.475980 3925611.901522 35.468504
394118.751811 3925560.449626 35.467912
395807.767750 3924625.829498 35.459665
398044.663283 3924189.561600 35.455964
396787.752862 3924255.197050 35.456426
398325.912737 3923067.902090 35.445881
400222.657423 3918610.056273 35.405885
399248.308267 3922347.123744 35.439477
400140.708999 3919366.361167 35.412695
399595.912566 3921286.110637 35.429947
400082.636638 3919835.329933 35.416917
399987.598293 3920587.790902 35.423691
376944.541798 3925873.544523 35.468756
377078.355549 3925135.869726 35.462123
377656.765062 3926185.057885 35.471652
377848.755160 3927047.180741 35.479447
378742.836140 3927088.054972 35.479925
387396.893762 3929705.502218 35.504539
388169.085894 3929174.549993 35.499840
389006.878105 3928922.399645 35.497661
390593.223464 3927645.361649 35.486325
389555.542555 3928202.993782 35.491237
384439.399205 3929123.990960 35.498957
386544.638814 3929573.722957 35.503254
385266.375122 3929654.810043 35.503838
385671.144084 3929925.849587 35.506328
383613.643955 3928583.134150 35.493985
383207.807226 3928309.424079 35.491470
392817.187352 3925525.788892 35.467460
391600.999695 3925881.086119 35.470531
390676.504293 3926507.759076 35.476079
394732.556624 3924477.884320 35.458218
393313.333819 3924384.406090 35.457224
395750.951469 3923486.383599 35.449387
397131.221518 3923150.859429 35.446506
400309.630305 3917879.432042 35.399307
400403.046835 3917130.436070 35.392564
400423.591695 3916664.883244 35.388369
399751.273532 3915488.136700 35.377693
397801.188174 3921891.288676 35.435220
399626.251402 3918600.176143 35.405736
398679.967348 3921087.315274 35.428062
399387.023732 3919449.318734 35.413367
399318.546369 3920314.633635 35.421161
377630.229861 3924361.751274 35.455213
377941.386698 3925374.673697 35.464382
378447.524786 3926215.891750 35.472027
379265.854025 3926347.041406 35.473309
379703.263900 3927063.562361 35.479821
380589.046874 3926912.371714 35.478565
387204.523521 3928664.059516 35.495129
388359.576258 3928308.462503 35.492054
389710.705784 3927107.863522 35.481382
388828.596135 3927518.122864 35.484982
384316.272755 3928441.459038 35.492790
385010.602563 3928866.811666 35.496705
385808.723884 3928893.420447 35.497037
386653.039887 3927905.044435 35.488224
381554.086190 3927235.461905 35.481593
382382.851505 3927771.993242 35.486528
383900.622899 3927878.531957 35.487667
383197.092057 3927335.237288 35.482687
391823.868585 3924693.339065 35.459848
389721.358956 3926108.807722 35.472377
390479.413498 3925275.521670 35.464949
394360.422169 3923420.909395 35.448650
392402.465606 3923643.867737 35.450450
393279.667604 3923050.787854 35.445198
395145.947647 3922567.754305 35.441042
396293.739164 3922112.475287 35.437058
396897.235701 3921147.116189 35.428418
398457.375766 3914084.385088 35.364907
397660.609423 3914116.711948 35.365117
399390.180243 3917623.799911 35.396910
399568.883925 3916596.417311 35.387666
399006.068871 3915918.101993 35.381494
399201.246873 3914820.536408 35.371619
397693.888049 3920458.798740 35.422295
398741.716763 3918714.155551 35.406674
398501.576141 3919820.237374 35.416621
378036.188764 3923904.600332 35.451142
378627.632949 3924492.070107 35.456510
379229.556380 3925344.236222 35.464265
380116.029207 3926113.751548 35.471309
381178.280946 3926259.784733 35.472753
387681.985838 3927399.096236 35.483780
388682.996679 3926534.758075 35.476101
384872.076141 3927957.171109 35.488489
385799.981203 3927610.935325 35.485475
386620.140754 3926861.817104 35.478816
382337.800357 3926573.837479 35.475722
384229.401842 3926978.492260 35.479592
383348.980859 3926387.775001 35.474164
391383.734471 3923453.598425 35.448624
390763.210678 3924241.857236 35.455662
389013.183531 3925273.598808 35.464769
389763.234499 3924408.515781 35.457054
391052.658022 3922524.372305 35.440211
394146.019395 3922282.550394 35.438365
392166.710141 3922426.267784 35.439448
393164.793462 3922010.766178 35.435810
395057.753411 3921508.436225 35.431483
395892.021205 3920742.862582 35.424669
396724.064952 3920024.208558 35.418277
398018.014981 3914729.501415 35.370678
397044.833630 3914402.162226 35.367627
398243.561571 3917893.730140 35.399227
398409.822933 3916790.255269 35.389296
398226.129026 3915568.836928 35.378266
397378.133939 3918993.196434 35.409050
375267.194532 3918207.204859 35.399441
375508.640718 3917356.308741 35.391801
378796.452299 3923370.564892 35.446421
379771.473937 3924133.642100 35.453418
380605.986653 3925146.961103 35.462653
381802.464242 3925587.587816 35.466768
387660.044786 3925961.040903 35.470814
387964.642936 3924796.780880 35.460353
385260.084263 3926566.646205 35.475999
386282.241216 3925840.761957 35.469573
382882.314123 3925363.297650 35.464874
384200.432125 3925706.360120 35.468121
390087.613360 3923283.146549 35.446945
388793.855162 3923841.992960 35.451839
376034.575932 3916926.151255 35.387989
391315.666275 3921499.529281 35.431001
390186.450951 3922014.459364 35.435519
393865.364603 3921204.215312 35.428614
392556.654561 3921118.628007 35.427702
394784.742625 3920299.870268 35.420559
395803.837928 3919302.067586 35.411671
397200.910474 3915226.765493 35.375077
396425.859854 3914698.563607 35.370235
397265.308368 3917497.661264 35.395556
397276.855986 3916235.646049 35.384180
396216.430001 3918048.485357 35.400413
395827.208062 3914973.365005 35.372650
375946.375934 3918045.039144 35.398064
375908.254807 3918927.833633 35.406017
376669.430833 3919408.786947 35.410447
377258.578438 3919787.652202 35.413935
376312.779135 3917489.637317 35.393103
379756.762370 3922935.306699 35.442614
380500.491014 3923265.597087 35.445681
381012.751081 3923963.100710 35.452030
381796.153039 3924634.530932 35.458176
382736.170443 3924272.408992 35.455023
386784.987519 3924842.336358 35.460630
387467.695431 3923824.822016 35.451535
385310.256578 3924992.545662 35.461815
383892.329485 3924326.577372 35.455647
389072.618421 3922537.333280 35.440109
387969.075656 3922784.005977 35.442209
376626.816353 3916908.125562 35.387900
391474.308182 3920413.728715 35.421230
389323.529484 3921492.051300 35.430714
390274.103629 3920785.958824 35.424454
393505.210464 3920134.818245 35.418935
392459.955795 3919997.087055 35.417581
394356.511095 3919172.339233 35.410349
394964.677312 3918139.467089 35.401102
396244.820417 3915638.523490 35.378690
396264.754564 3916712.050668 35.388370
395320.771224 3917132.316269 35.392060
395420.761608 3915163.884452 35.374325
376645.232217 3918215.903606 35.399691
376951.168230 3918860.008748 35.405535
377733.533518 3919100.364782 35.407798
378410.529232 3919718.058832 35.413449
377079.031022 3917544.791813 35.393695
380546.518647 3922407.244606 35.437949
380472.738009 3921762.261554 35.432126
381259.083276 3922817.108850 35.441729
381951.353385 3923517.717367 35.448127
382963.072299 3923277.150353 35.446078
386168.713815 3923797.517965 35.451141
386873.806078 3922969.811416 35.443760
385015.312487 3923508.509218 35.448403
383959.066132 3922968.125272 35.443409
387105.729400 3922002.458504 35.435066
388225.740854 3921519.196860 35.430836
377394.463433 3916902.386799 35.387943
391766.701962 3919270.301909 35.410954
390712.323190 3919617.636457 35.413970
389038.628678 3920559.992953 35.422280
389746.253061 3919888.470081 35.416305
393022.295230 3918906.162864 35.407807
393849.358677 3918107.656437 35.400697
392120.043534 3918354.889399 35.402740
394206.051974 3916968.891419 35.390469
395227.019900 3916025.149067 35.382069
394886.119429 3915049.544230 35.373238
377630.572109 3918242.913620 35.400056
378461.987284 3918722.727061 35.404483
379161.397705 3919152.140348 35.408439
377848.609684 3917511.551537 35.393490
379733.777542 3918713.699728 35.404556
380249.474382 3921013.886574 35.425353
380209.190515 3920540.183768 35.421078
380232.466769 3920072.954470 35.416869
380352.681218 3919090.479666 35.408027
381214.995416 3921613.179827 35.430871
382111.902210 3922376.101603 35.437855
383057.668416 3922170.917999 35.436117
385908.956968 3922458.553696 35.439041
384829.877309 3922223.417496 35.436797
383934.231427 3921982.150630 35.434518
386302.827037 3921452.844725 35.430020
387147.082304 3920909.052903 35.425214
388012.418789 3920271.124192 35.419561
377852.666956 3916841.233034 35.387448
390924.473469 3918423.243778 35.403226
389798.581368 3918906.551936 35.407459
388839.362860 3919434.419723 35.412111
377514.655483 3916163.035739 35.381293
377166.549859 3915181.915931 35.372406
392889.373677 3917515.501151 35.395256
391668.663127 3917534.578370 35.395296
393203.346440 3916466.499267 35.385833
394014.122285 3915505.928017 35.377260
394599.753887 3914639.365870 35.369510
378585.416172 3917896.263966 35.397048
379266.659629 3918287.660830 35.400659
378638.259708 3917114.798475 35.390010
380160.016939 3918291.779443 35.400804
380716.966060 3918687.493855 35.404438
381110.113529 3920556.933329 35.421337
381055.831047 3919551.158219 35.412264
382324.137258 3921107.905793 35.426448
383360.958212 3921295.707527 35.428263
385336.916446 3921264.465178 35.428211
384319.983077 3921122.327767 35.426812
386051.188676 3920469.530958 35.421127
386940.629892 3919815.439989 35.415332
387811.532834 3919113.863629 35.409106
378466.904540 3916313.511832 35.382766
390681.799659 3917177.256028 35.391967
389879.176677 3917902.658308 35.398418
388752.243309 3918200.636336 35.400979
377140.326638 3914227.022086 35.363795
378231.289069 3915452.085128 35.374972
377889.916200 3914654.777109 35.367743
376132.977453 3910956.527441 35.334189
376744.310811 3910504.956970 35.330194
391888.368865 3916461.703844 35.385648
394177.300666 3913916.876319 35.362952
392818.264321 3915528.872419 35.377339
393628.391912 3914732.004132 35.370242
393847.160086 3910278.522654 35.330117
379595.639883 3917474.429246 35.393368
379323.093841 3916633.329959 35.385753
380619.561240 3917673.198436 35.395283
381342.741757 3918151.163338 35.399678
381607.740965 3918898.899983 35.406450
382269.153024 3919664.398233 35.413429
383419.259133 3920276.150932 35.419079
384805.881723 3919958.397318 35.416376
385856.494271 3919440.461562 35.411828
386606.579848 3918675.409668 35.405017
387519.580060 3918136.899017 35.400266
379331.038245 3915716.250176 35.377487
390493.132891 3916044.095691 35.381731
389334.917820 3916920.530944 35.389504
388001.836803 3917253.088371 35.392353
376394.973351 3911751.427222 35.341387
377132.643023 3912233.981357 35.345828
377315.726002 3912802.568785 35.350976
377226.726826 3913526.737442 35.357493
378071.965194 3913840.384839 35.360424
378981.766775 3914553.597335 35.366964
376876.319094 3911043.951040 35.335069
377125.225747 3910358.865028 35.328924
377084.559502 3908711.287301 35.314067
376951.484744 3908068.583548 35.308257
393766.034880 3913177.744931 35.356245
391570.996716 3915108.554408 35.373415
393203.908700 3913921.506142 35.362890
392656.524809 3914613.660624 35.369071
393496.118324 3912699.961794 35.351909
393844.181241 3911051.153440 35.337082
393303.500380 3910511.126217 35.332156
393230.562756 3909917.873268 35.326800
380468.331021 3916451.843940 35.384255
381523.030392 3917282.956334 35.391873
382454.958171 3918235.487584 35.400570
383633.719660 3918985.340376 35.407468
382517.477954 3917203.114407 35.391271
385156.353503 3918349.957066 35.401917
386537.105063 3917403.254911 35.393541
380175.745433 3915084.613739 35.371895
390245.368521 3914918.427482 35.371556
389170.328165 3915573.337013 35.377341
388370.084436 3916251.697348 35.383367
387369.689177 3916403.286273 35.384621
377325.350890 3911561.869117 35.339793
377869.476830 3912138.642495 35.345059
378061.598271 3912948.289192 35.352381
378973.231182 3913318.363451 35.355828
379893.607711 3913879.547025 35.360998
377310.058930 3909158.600774 35.318127
377488.979121 3909658.802201 35.322658
377611.220251 3910859.542269 35.333497
377704.262468 3910247.259112 35.327989
377796.723631 3908726.558305 35.314292
377534.108924 3908183.337457 35.309363
377540.408183 3907509.336522 35.303288
391059.635496 3914033.861219 35.363671
392733.205368 3913226.830015 35.356577
392083.516363 3913913.139989 35.362694
392629.045401 3912494.295025 35.349962
393234.695465 3911998.236738 35.345555
393351.147161 3911233.575285 35.338674
392804.507070 3910698.639470 35.333793
392698.615678 3909997.407389 35.327460
381315.873509 3915346.707713 35.374394
381845.863112 3916267.115429 35.382754
383737.228955 3917425.968866 35.393423
382957.703966 3916319.345391 35.383356
385169.701087 3916751.055507 35.387505
386398.761201 3915922.981269 35.380181
380920.857954 3914203.674067 35.364043
381867.678545 3914456.755552 35.366437
389916.381234 3913991.432877 35.363163
389018.483458 3914481.568366 35.367482
387726.830721 3915104.274765 35.372951
378233.733528 3911316.241494 35.337690
378905.158021 3912082.379817 35.344678
379869.856433 3912665.820694 35.350054
380730.153635 3913226.117324 35.355208
378050.376958 3909496.542554 35.321264
378368.677865 3910337.543875 35.328884
378482.757069 3908813.789217 35.315162
378219.985250 3907959.609060 35.307430
378317.920670 3907030.117002 35.299063
392601.611262 3909280.208365 35.320984
390456.040250 3913267.807780 35.356699
391533.331754 3912836.779827 35.352931
392152.266651 3911886.241634 35.344429
392593.771258 3911282.514645 35.339034
392191.641343 3910476.451860 35.331724
392041.352722 3909647.637977 35.324236
382722.960540 3915212.759414 35.373353
384018.197120 3915843.678627 35.379192
385189.742862 3915233.717175 35.373829
386385.740376 3914770.587458 35.369791
382759.460753 3914095.982813 35.363290
381823.099989 3913290.896678 35.355922
389219.784067 3913201.305886 35.355963
388131.141965 3913899.208103 35.362133
386962.831007 3913783.032213 35.360954
379165.466121 3910802.270752 35.333170
380101.629794 3911432.270907 35.338962
381048.695502 3912188.903501 35.345896
379114.155986 3909505.940587 35.321478
379132.380028 3908289.216195 35.310512
378893.901396 3907472.853733 35.303124
378890.648852 3906594.539835 35.295206
379272.639674 3906187.955192 35.291587
391983.578682 3908734.078685 35.315994
390209.922104 3912341.902467 35.348325
391028.223804 3911680.480769 35.342452
391670.661478 3911003.283126 35.336417
391414.067550 3910106.982880 35.328309
391408.920545 3909348.419685 35.321470
383990.335888 3914240.757404 35.364739
385478.314664 3913957.670284 35.362359
383178.673273 3913076.952276 35.354153
382224.007851 3912044.652150 35.344735
383354.687494 3912023.934115 35.344681
388878.054447 3912013.600018 35.345218
387973.705083 3912822.499088 35.352409
386928.192703 3912588.873627 35.350185
385953.377264 3912961.254661 35.353431
380191.710595 3910025.233303 35.326289
381439.959056 3910780.015346 35.333242
380083.576197 3908615.512358 35.313568
379789.800994 3907252.862904 35.301249
380122.097913 3906199.805372 35.291796
379839.507139 3905482.626067 35.285297
380213.030652 3905013.855246 35.281116
380592.173832 3904533.712469 35.276833
381158.867462 3903882.168706 35.271027
391035.835679 3908764.128431 35.316162
389834.119785 3911235.779929 35.338312
390649.512453 3910575.361537 35.332448
390605.111045 3909546.833419 35.323171
384653.086058 3912622.303185 35.350226
382873.409485 3910919.326857 35.334667
384022.488851 3911271.738172 35.337978
388638.185916 3910844.279516 35.334650
387486.529467 3911560.333032 35.340976
386044.187614 3911857.910878 35.343495
381247.837443 3909246.484556 35.319395
382528.120373 3909689.612962 35.323541
380992.147965 3907833.603519 35.306628
380899.657313 3906642.208449 35.295877
380898.615310 3905496.087246 35.285545
381389.362397 3904509.440308 35.276709
381739.046054 3903614.637364 35.268684
390427.233642 3908638.066040 35.314959
389522.935413 3910009.409871 35.327222
389837.324373 3909142.434928 35.319441
385109.801046 3911065.219954 35.336242
383992.080542 3910026.387223 35.326748
388521.095441 3909771.393610 35.324965
387525.574039 3910211.289701 35.328819
386387.255289 3910637.459733 35.332532
382192.183764 3908298.606834 35.310962
383391.222612 3908689.677124 35.314628
382004.251976 3907008.173029 35.299307
381686.427460 3906025.392390 35.290410
394184.121369 3906484.141437 35.295946
394958.723596 3905950.854832 35.291220
395379.445931 3905363.612718 35.285970
381942.602026 3905147.240468 35.282524
382084.355379 3904308.087981 35.274976
382347.602309 3903644.065705 35.269021
389742.369952 3908381.639752 35.312572
388912.917907 3908864.711892 35.316835
385402.963413 3909687.846716 35.323859
384548.196244 3908886.095585 35.316533
387771.146118 3908981.140306 35.317757
386590.564306 3909262.820839 35.320163
383144.023014 3907310.139736 35.302163
384273.572191 3907778.550955 35.306517
382834.159402 3905935.749443 35.289737
392219.344048 3907602.585549 35.305819
390631.319473 3908201.087046 35.311042
391420.461862 3907907.238911 35.308479
390055.922441 3907603.096174 35.305588
393402.378742 3906959.679807 35.300150
392812.263614 3907316.647334 35.303305
394163.263522 3905729.877702 35.289144
393505.935989 3906234.448947 35.293623
395345.899852 3904949.479519 35.282233
394782.900888 3905161.460977 35.284085
382894.626703 3904610.576596 35.277798
383099.455704 3903695.970831 35.269577
389166.066611 3907721.484804 35.306557
388147.762271 3907892.471353 35.307985
385611.801532 3908221.041719 35.310660
386929.007472 3907999.308910 35.308811
384070.435251 3906463.987982 35.294643
385077.047183 3907000.973450 35.299600
383964.530791 3905308.581826 35.284215
391875.876554 3906971.539354 35.300093
390846.224586 3907071.581288 35.300883
389730.624507 3906737.960393 35.297753
393993.681532 3905044.359843 35.282946
392662.804533 3906342.061674 35.294503
393286.036551 3905535.338413 35.287297
395192.385157 3904497.028930 35.278138
394544.755408 3904583.332643 35.278848
383967.999693 3904340.793343 35.275491
383933.035028 3903708.838059 35.269790
388617.478644 3906705.833114 35.297340
387446.073884 3906765.087072 35.297743
386207.581042 3906869.046113 35.298540
385297.355844 3905718.384493 35.288063
384951.630439 3904533.635247 35.277343
391555.848017 3906062.576189 35.291864
390465.350020 3905871.321407 35.290021
389232.310358 3905682.612176 35.288184
395403.815842 3903809.954151 35.271966
395582.542386 3903579.936294 35.269911
395929.371936 3903111.382867 35.265723
396288.359417 3902383.366671 35.259197
393934.434605 3904360.652966 35.276776
393224.620833 3904703.575083 35.279792
392373.501679 3905297.045282 35.285051
394530.039271 3903822.454876 35.271987
384796.339341 3903606.369918 35.268966
387983.357838 3905535.643079 35.286720
386723.561902 3905564.802023 35.286841
386068.807766 3904515.241321 35.277305
385583.956572 3903560.408365 35.268642
391271.225162 3904798.456381 35.280437
389944.885702 3904704.059311 35.279441
388683.710104 3904563.904613 35.278038
396877.847426 3898208.150720 35.221617
396428.223133 3901893.922091 35.254799
396576.009423 3901403.613365 35.250394
396957.385717 3898909.380265 35.227947
396991.019047 3899640.195679 35.234539
396796.928944 3900654.577213 35.243664
395023.537594 3902970.130253 35.264355
395625.775586 3902283.851383 35.258231
393435.662506 3903742.358840 35.271149
392418.957840 3904189.470964 35.275071
393906.132603 3902866.282094 35.263301
356031.671449 3909880.306122 35.321793
358541.989490 3909446.454301 35.318241
359993.610977 3909230.843850 35.316502
361115.516243 3908929.575885 35.313943
384900.525581 3902830.428787 35.261983
387357.982713 3904240.813107 35.274977
386481.177034 3903273.754850 35.266160
385614.669673 3902466.381520 35.258783
390548.620724 3903694.277229 35.270404
391602.675899 3903571.626510 35.269413
389334.906816 3903569.757560 35.269148
388277.625544 3903511.237984 35.268503
396331.812921 3897812.303108 35.217992
396242.027117 3898404.215997 35.223319
395636.081083 3901467.337732 35.250871
395988.374083 3900793.853359 35.244836
396138.616437 3899147.807393 35.230012
396004.861178 3899989.029831 35.237582
394621.404765 3901830.527669 35.254039
392549.110842 3902904.520138 35.263501
393337.698945 3901918.589438 35.254697
357365.510298 3908578.346860 35.310249
355976.721056 3907927.452545 35.304183
358738.748500 3908001.442146 35.305244
360163.471573 3907959.472540 35.305066
361804.202014 3908072.726059 35.306315
367496.331534 3908015.182165 35.306567
362990.304460 3908003.358777 35.305853
362360.958749 3906977.541601 35.296520
384877.409045 3901631.147761 35.251169
385599.112175 3901655.031802 35.251467
387469.394502 3902779.955468 35.261820
386524.734815 3902070.754595 35.255320
389991.019390 3902742.991334 35.261767
391167.404995 3902510.096992 35.259796
388719.675959 3902287.138733 35.257517
395753.900252 3897687.616040 35.216808
395461.411602 3898528.680594 35.224360
394920.747116 3900524.022321 35.242292
395113.162556 3899406.565521 35.232238
393839.260450 3900838.491486 35.245013
392072.034128 3901710.560790 35.252686
392800.737000 3901025.574524 35.246589
357137.251775 3906650.657822 35.292841
354968.990844 3905387.005780 35.281139
358918.086269 3906455.422774 35.291334
361006.591498 3907008.419430 35.296611
368508.921383 3907159.999726 35.298992
367295.621848 3906946.254468 35.296905
366247.624884 3907383.309729 35.300705
363482.903366 3906752.135035 35.294642
364384.537266 3907652.999240 35.302885
362850.163184 3905857.355846 35.286490
361553.274556 3905501.307050 35.283102
384843.920819 3900974.437911 35.245245
384332.143971 3900335.820288 35.239429
386050.939033 3900980.648697 35.245439
387468.708518 3901337.915504 35.248820
390019.487431 3901666.776280 35.252068
391064.738034 3901270.082867 35.248606
388943.495382 3900977.229843 35.245733
394955.617473 3897949.537439 35.219086
395173.709778 3897320.847716 35.213441
394415.495497 3898544.276227 35.224391
393876.263146 3899549.678617 35.233398
392920.836594 3900087.728434 35.238147
391773.428741 3900376.050329 35.240623
394581.812321 3896789.531318 35.208589
352927.045195 3901454.553964 35.245396
353948.739347 3903421.328433 35.263273
356973.651705 3904478.984927 35.273243
359779.550897 3905003.291162 35.278366
369107.887996 3906338.559141 35.291666
370169.974768 3905978.745823 35.288561
367718.373984 3905949.258487 35.287974
365893.198171 3906105.018418 35.289135
364271.619477 3905571.147430 35.284104
362827.660929 3904539.177436 35.274605
361404.705321 3903314.842702 35.263373
383704.252519 3899789.129705 35.234428
383456.432051 3898886.483072 35.226262
385421.818957 3900188.709774 35.238228
384742.401811 3899458.019278 35.231563
386688.033397 3900132.139971 35.237862
387948.869465 3900059.619591 35.237350
390295.047552 3900314.017299 35.239903
389169.684437 3899809.952840 35.235235
394161.248632 3897414.613589 35.214180
393392.473853 3898286.296354 35.221957
392444.959823 3899077.870731 35.228992
391125.531857 3899398.269127 35.231738
393982.758057 3896251.680135 35.203677
351123.009327 3898033.145848 35.214291
351604.350393 3898984.576322 35.222938
353988.184059 3899562.489311 35.228497
355922.219905 3901643.025393 35.247530
358738.282775 3902738.570972 35.257806
348280.117181 3892573.564419 35.164656
349297.170982 3894529.312757 35.182437
368771.760085 3905210.226490 35.281451
370002.639466 3904819.545668 35.278090
360345.751771 3901226.287281 35.244400
367180.504269 3904588.861907 35.275640
365554.581285 3904349.246979 35.273263
364051.557943 3903173.296856 35.262460
362451.799750 3901216.931081 35.244607
372910.335239 3899133.460384 35.227207
379677.989061 3896891.781367 35.207834
380863.134115 3897356.414816 35.212164
381460.180562 3897475.360108 35.213307
382085.531566 3897581.107322 35.214334
384136.631448 3898743.625886 35.225053
383341.991593 3898179.239657 35.219873
383311.894536 3897949.119574 35.217795
383002.350327 3897517.283378 35.213866
385887.548023 3899204.548567 35.229409
385100.335456 3898374.359481 35.221835
387153.942368 3899020.148950 35.227890
388485.104679 3898858.645560 35.226583
389938.618101 3898845.043497 35.226621
393209.670771 3897073.952715 35.211008
392311.839427 3897682.700923 35.216400
391255.281420 3898237.878023 35.221291
393035.844552 3896185.403153 35.202979
393222.060309 3895524.430407 35.197040
347030.853571 3890079.966782 35.141991
349407.550137 3890906.322886 35.149798
347015.920785 3888162.842628 35.124709
351507.963744 3895619.973833 35.192597
353482.548995 3897363.883890 35.208606
356101.198808 3898674.446676 35.220798
358313.961200 3900105.139014 35.234009
351133.002733 3892844.416097 35.167524
368692.408765 3903364.288196 35.264801
370654.183263 3902910.299612 35.260964
372167.033730 3900890.820664 35.242954
360830.791995 3899012.755388 35.224515
363103.108026 3899273.037597 35.227174
366714.506172 3902289.123486 35.254848
364779.290273 3900772.643634 35.240919
371731.636481 3898896.073949 35.224917
372308.379545 3897683.390490 35.214059
373380.020130 3897553.615312 35.213025
377684.481239 3893861.615217 35.180277
378045.071440 3894552.614228 35.186550
378465.866090 3895241.708024 35.192813
379046.408577 3896169.843712 35.201250
379847.718039 3896084.620691 35.200578
380409.090300 3896583.019163 35.205138
381160.082346 3896564.912155 35.205064
381925.421580 3896704.309645 35.206411
382533.517770 3897062.232884 35.209709
384206.884284 3897676.267001 35.215439
383461.199762 3897038.916137 35.209607
386282.731475 3898067.337593 35.219202
385336.406752 3897157.154300 35.210889
387606.021739 3897855.115556 35.217438
388991.100649 3897733.178513 35.216493
390222.612536 3897481.872225 35.214363
392219.318433 3896411.839924 35.204933
391308.386904 3896915.798021 35.209378
392459.360997 3895252.050671 35.194503
349281.329716 3888921.060340 35.131885
351444.997947 3890308.435464 35.144712
347534.355318 3885593.930863 35.101633
349142.376340 3886818.524220 35.112913
353644.939693 3894404.940806 35.181959
355994.199377 3896048.256955 35.197111
358411.542503 3897559.836241 35.211080
353672.055907 3891826.740058 35.158724
360491.180798 3896371.519651 35.200660
369337.133593 3900949.953189 35.243122
370527.408882 3899474.130114 35.229973
362693.012278 3897234.768598 35.208745
364952.041491 3898275.846141 35.218436
367050.006983 3899599.061466 35.230644
370945.894091 3897756.094018 35.214540
371945.701886 3896540.911878 35.203714
373180.368518 3896398.051923 35.202583
377852.805078 3893160.594943 35.173978
378415.583957 3893871.068827 35.180451
378980.361165 3894533.182877 35.186488
379489.464931 3895349.264292 35.193906
378652.445699 3893189.556718 35.174336
380583.752039 3895619.844168 35.196476
381712.084938 3895728.153077 35.197586
382889.052164 3896107.301540 35.201142
384130.973465 3896469.238929 35.204549
386643.388168 3896832.745332 35.208113
385226.931591 3896041.398135 35.200818
388080.457123 3896691.609337 35.207002
389322.654281 3896499.841641 35.205411
390447.469102 3896257.200011 35.203347
392740.014488 3894670.143998 35.189287
391456.502984 3895587.700619 35.197421
392010.134232 3894850.754856 35.190837
392724.135438 3893929.587537 35.182609
351344.409030 3888046.720425 35.124311
353565.596802 3889365.088447 35.136520
348154.378817 3882610.994649 35.074840
348336.358648 3881644.736744 35.066158
349555.822153 3884448.104606 35.091609
351111.415442 3885945.720693 35.105339
356199.521939 3893225.514919 35.171697
358281.825163 3894794.669216 35.186137
356112.230024 3890659.938693 35.148559
360413.677902 3893991.398564 35.179195
362352.413011 3895009.858970 35.188643
369097.696565 3898129.335469 35.217665
364615.568917 3896007.769398 35.197946
366868.770070 3896921.837645 35.206487
370558.398368 3896240.280542 35.200826
372203.635113 3895192.309668 35.191590
373294.862704 3895302.096873 35.192718
374104.642243 3894604.457712 35.186531
378424.607843 3892446.944458 35.167614
379363.005042 3893717.958153 35.179185
380053.249286 3894561.498111 35.186872
379364.907621 3892760.059651 35.170550
382511.004576 3894886.781808 35.190095
381174.014209 3894588.978695 35.187253
383967.660265 3895207.425944 35.193155
386284.016227 3895678.741826 35.197669
387424.306290 3895674.021447 35.197755
385340.091983 3894847.390653 35.190067
388779.278433 3895497.864199 35.196318
390060.365497 3895142.556856 35.193256
392024.313574 3893963.087111 35.182836
391048.746119 3894299.671653 35.185765
392527.761916 3893013.917335 35.174333
349157.669251 3877638.994047 35.030175
348865.596277 3879097.418949 35.043277
355542.205624 3888379.620670 35.127923
353528.210736 3886654.152317 35.112079
350405.605325 3882537.713378 35.074516
350263.459621 3880535.645305 35.056449
352251.988265 3884047.164566 35.088394
358945.642530 3891832.407251 35.159529
358147.863407 3888761.287063 35.131734
362043.660256 3892378.665380 35.164883
364117.946911 3893899.098892 35.178871
368722.424034 3895612.997436 35.194933
366470.385142 3894247.602570 35.182328
370723.060578 3894496.041721 35.185124
372612.722130 3893841.260007 35.179463
374269.642031 3893133.981715 35.173296
349665.512545 3875151.248590 35.007827
351106.298200 3876553.742182 35.020682
379005.435520 3891720.124309 35.161132
380469.186531 3893391.243931 35.176372
380066.977783 3892159.929083 35.165224
383233.403817 3893912.252438 35.181394
381879.095836 3893608.130545 35.178494
384519.387858 3893944.121113 35.181830
386611.626354 3894639.579448 35.188338
387778.573800 3894578.446434 35.187918
385753.746769 3893711.376972 35.179873
388920.233889 3894274.072808 35.185301
392303.074129 3892201.968040 35.166989
392359.704802 3891479.297939 35.160480
389878.942599 3893709.844636 35.180320
391509.205895 3893215.963917 35.176045
390667.390570 3893132.802195 35.175204
391707.840846 3892461.858799 35.169268
351481.549605 3878649.182408 35.039625
356394.329207 3886364.945218 35.109885
354762.002969 3884807.567055 35.095613
352717.712764 3881155.668999 35.062399
354382.911885 3882801.833356 35.077479
358777.800524 3885908.309131 35.106106
360813.796054 3889904.579119 35.142412
360396.434348 3887660.389085 35.122125
363003.280640 3890376.324718 35.146965
364897.317644 3891894.236833 35.160904
368896.908050 3893400.093195 35.175008
367212.430669 3892125.142770 35.163294
370944.954625 3892677.559784 35.168760
372798.106513 3892333.078517 35.165891
374314.919079 3891709.990685 35.160465
350285.150760 3872067.849014 34.980126
351743.858594 3874179.961210 34.999379
353232.620066 3876385.540532 35.019477
378003.279882 3890218.156907 35.147471
378592.421851 3890511.308126 35.150185
379578.270956 3891248.588087 35.156950
379186.092494 3890805.434191 35.152908
381313.143920 3892440.469864 35.167901
380679.022217 3891336.745523 35.157876
383868.561172 3892983.388221 35.173094
382730.643314 3892544.913816 35.169009
384961.491231 3892728.728193 35.170924
386952.091335 3893529.391451 35.178368
388034.699356 3893522.594433 35.178428
386149.726132 3892537.229957 35.169333
388918.819177 3892874.553272 35.172684
394040.744590 3889470.985239 35.142553
393822.449751 3889992.986264 35.147236
394033.524380 3888977.911763 35.138107
394026.813331 3888489.380473 35.133702
393904.137049 3888019.730785 35.129455
393285.551509 3890232.449441 35.149338
392742.593270 3890457.930056 35.151313
392436.905345 3890991.984900 35.156095
391632.309968 3891485.306850 35.160456
389932.696552 3892302.894678 35.167642
390942.014366 3892197.177409 35.166799
350704.281780 3870093.217588 34.962389
350982.799956 3868630.463084 34.949245
354349.887113 3878649.304704 35.040044
357007.823764 3883600.626707 35.085055
355700.173452 3880937.664846 35.060865
359926.153344 3883639.474279 35.085815
361481.588109 3885667.849353 35.104314
362919.037097 3888034.163828 35.125841
364763.020200 3889450.982693 35.138862
366812.774504 3890011.148302 35.144185
369266.637577 3890945.543938 35.152930
371552.676637 3890997.606125 35.153694
373369.403887 3891058.897131 35.154477
352436.841227 3871743.559593 34.977519
354057.625339 3873790.493255 34.996205
355905.475210 3875985.633347 35.016257
376453.455918 3890004.864398 35.145359
375669.142570 3890058.850664 35.145749
374877.289955 3890100.917728 35.146030
377223.108972 3889971.334067 35.145151
378215.524727 3889638.138453 35.142268
379153.374264 3889847.889771 35.144272
380132.802144 3890311.655845 35.148570
381928.826452 3891414.328877 35.158723
381319.658197 3890503.694508 35.150442
383983.714464 3891883.182462 35.163189
383027.610528 3891262.860164 35.157486
385193.285278 3891433.940879 35.159278
387613.436326 3892278.685284 35.167167
386514.725893 3891499.266946 35.160017
388929.778436 3891383.816166 35.159246
393331.533418 3889355.290857 35.141435
393390.254316 3888444.485851 35.133230
393606.037450 3887559.237234 35.125272
392475.414506 3889761.174736 35.145003
391772.919366 3890498.186359 35.151572
390508.844846 3890896.166332 35.155023
352752.662584 3869602.644416 34.958267
352633.762923 3867390.767763 34.938312
351608.496763 3865620.572283 34.922206
352280.931054 3864292.167986 34.910330
357274.466381 3878696.263814 35.040885
358414.481019 3881202.737684 35.063639
360880.143600 3881457.215863 35.066276
362912.952318 3883308.362823 35.083241
363782.319431 3885876.873542 35.106512
365790.529474 3887421.572894 35.120706
368468.604435 3888395.733854 35.129841
370787.221608 3889165.780841 35.137083
372532.629291 3889733.786197 35.142426
373936.056388 3889490.968733 35.140414
354656.269798 3871141.247666 34.972411
356305.802260 3873023.358310 34.989612
357887.123007 3874613.374317 35.004168
358689.584694 3876673.421161 35.022850
376357.665652 3889140.916386 35.137559
375232.141199 3889117.840686 35.137212
377554.700734 3888967.708036 35.136144
378742.702757 3888797.664406 35.134755
379919.537598 3889027.156260 35.136965
381169.898727 3889393.273814 35.140414
382505.918483 3890092.006959 35.146870
383966.280170 3890542.968955 35.151105
384524.290324 3889547.712212 35.142197
385129.727370 3890307.738545 35.149118
386195.988371 3890426.067458 35.150306
387509.374371 3890881.434686 35.154559
389408.080544 3890268.392617 35.149243
388310.833628 3889975.806564 35.146484
392451.673388 3888819.614310 35.136512
392724.102520 3887870.554560 35.127985
393260.009738 3887140.801132 35.121463
391272.850577 3889434.319072 35.141927
390145.938011 3889500.702969 35.142403
353435.673929 3863178.515880 34.900459
354697.347298 3868466.977929 34.948311
354130.314673 3865682.815512 34.923133
360313.821656 3878974.810203 35.043821
362981.683750 3880353.883569 35.056618
365348.008648 3881918.213096 35.071038
365676.955284 3884519.641384 35.094532
368113.702059 3885886.127697 35.107172
370553.096629 3886993.063614 35.117467
372670.115419 3888051.792499 35.127281
374340.773024 3888264.333957 35.129407
357041.674189 3870186.992199 34.964149
358593.745051 3872543.172402 34.985606
360107.427550 3874530.537609 35.003731
360995.333177 3876565.711406 35.022199
359516.080992 3870617.378774 34.968375
376888.606982 3888110.921489 35.128339
375661.171591 3887815.950383 35.125529
378051.830446 3887811.784970 35.125784
379395.805203 3887707.959178 35.125010
380821.075220 3887984.190289 35.127670
382247.594125 3888504.553920 35.132529
383461.895104 3889152.209252 35.138509
384503.486866 3888515.256581 35.132887
385670.489836 3889125.867276 35.138525
387025.711231 3889543.151572 35.142440
394400.840778 3883386.645846 35.087738
394012.917804 3884513.238183 35.097854
389106.480390 3888969.165010 35.137497
387902.608562 3888637.550740 35.134374
391627.903632 3887984.191293 35.128892
392280.185957 3886724.443515 35.117605
393043.177808 3885499.496007 35.106643
390314.626669 3888110.123256 35.129885
394004.340388 3882434.018294 35.079108
355536.918102 3863312.936209 34.901972
355871.055158 3861066.971812 34.881774
357060.371325 3860005.862366 34.872377
356803.454203 3867185.000837 34.937055
356788.345298 3864879.865872 34.916274
362980.974967 3877756.344945 35.033203
365298.280538 3879231.789447 35.046815
367602.848037 3880699.769748 35.060353
367922.901108 3883184.120752 35.082790
370301.841634 3884462.953951 35.094627
372469.789673 3885807.355672 35.107023
374161.473034 3886822.501124 35.116387
359345.977292 3868260.065475 34.947102
361213.677578 3872487.832092 34.985470
362844.471317 3874835.710809 35.006857
361721.229410 3869970.891086 34.962851
376929.291909 3886837.233139 35.116862
375608.204684 3886252.342413 35.111427
378386.329684 3886440.210745 35.113460
380273.694832 3886393.152837 35.113262
381900.012076 3886773.732197 35.116885
383608.276172 3887472.458590 35.123383
385335.148675 3887603.323827 35.124761
386602.776925 3888174.848043 35.130057
393375.973737 3883302.004410 35.086867
392764.547708 3884451.690642 35.097167
388825.197435 3887608.911631 35.125203
387588.023204 3887333.757568 35.122585
390973.458086 3886599.399253 35.116337
391716.480611 3885433.141250 35.105903
389651.380707 3886587.426308 35.116085
393098.694267 3881944.040661 35.074595
357898.928512 3862542.874621 34.895364
359071.493292 3860499.518671 34.877108
359106.968416 3858241.243251 34.856756
359402.543603 3865269.714004 34.920154
365201.705812 3876517.337579 35.022333
367432.678923 3878035.311405 35.036312
369313.683855 3879280.162436 35.047779
370332.567518 3881677.013061 35.069517
372537.966258 3883442.123557 35.085710
374564.067916 3884822.955675 35.098412
361984.081091 3867283.307403 34.938660
363710.894130 3872041.818673 34.981789
365466.871026 3874006.213977 34.999732
364192.479313 3869425.930319 34.958273
377007.816737 3884647.317064 35.097130
379317.427265 3884952.219364 35.100158
381493.218158 3884587.121680 35.097125
383154.146999 3885674.969284 35.107126
384842.918051 3886000.918321 35.110259
386456.284228 3886546.974128 35.115365
392201.060935 3883091.253590 35.084842
391402.198405 3884131.009547 35.094130
388218.608079 3885840.031087 35.109189
390070.935478 3884941.009081 35.101288
393455.945015 3879147.644951 35.049422
391835.610020 3881864.368254 35.073742
392766.631887 3880726.269471 35.063581
359902.672882 3857533.156876 34.850483
361115.912944 3856493.445473 34.841277
362324.296194 3855428.911289 34.831845
360477.893422 3862405.338145 34.894482
361096.069505 3859642.348430 34.869660
362502.440860 3864552.855014 34.914117
363549.317288 3854369.517081 34.822460
364743.637329 3853299.993162 34.812978
367594.529407 3875700.269553 35.015284
371423.639502 3879220.368403 35.047511
369885.736736 3877069.864215 35.027928
373079.047675 3881156.481119 35.065174
375060.222118 3882769.019542 35.079958
367647.348062 3873486.742359 34.995337
365017.752398 3866523.349639 34.932218
366515.397563 3871378.897115 34.976187
366485.311604 3868947.823150 34.954268
377137.154396 3882265.039312 35.075670
379360.346990 3882939.423302 35.082018
381975.307511 3882439.412988 35.077820
384052.850383 3883861.795288 35.090884
386360.024920 3884711.158217 35.098804
390401.869648 3882767.034258 35.081725
388394.877266 3883620.835722 35.089202
392293.299808 3879563.201249 35.053045
392712.605433 3878008.575887 35.039074
390957.041858 3880674.249478 35.062918
395464.425443 3875827.940571 35.019703
362534.087954 3857743.902288 34.852742
364258.947699 3855922.553931 34.836555
362911.312370 3861744.669832 34.888858
363420.634484 3859520.858066 34.868880
365086.032721 3863523.192277 34.905182
365859.041544 3854330.461722 34.822415
366786.175239 3851557.046776 34.797535
366418.963894 3855937.088718 34.836972
373557.254657 3879070.993553 35.046434
369602.167606 3874503.203648 35.004754
372421.301330 3877288.231674 35.030220
371407.306985 3875486.569856 35.013850
375610.018089 3880137.562586 35.056304
367338.421316 3864851.025719 34.917449
369336.275466 3872095.265489 34.983013
367905.117025 3867259.214997 34.939232
368749.249286 3869723.454754 34.961556
378275.911845 3880476.316037 35.059683
380523.279719 3880640.189392 35.061429
382613.670434 3880415.849582 35.059652
384359.281202 3881482.764315 35.069472
386383.741555 3882503.470863 35.078904
388663.061990 3881116.122559 35.066651
391357.886368 3878827.382226 35.046311
389915.064049 3879408.651084 35.051395
391807.621835 3877678.208019 35.035999
393021.947753 3877146.079754 35.031331
394209.943645 3876621.301742 35.026725
394231.378762 3874907.792898 35.011279
395790.012412 3874249.609876 35.005507
395579.451448 3872782.351957 34.992257
365240.928558 3858176.370138 34.857003
365459.244269 3860805.875707 34.880736
367304.628686 3857582.395931 34.851920
367541.635284 3862302.011308 34.894497
368393.345888 3850150.384434 34.785063
367730.935035 3854056.355509 34.820189
368745.056700 3852321.192313 34.804678
368473.786786 3855985.143575 34.837673
374882.149663 3877485.918706 35.032310
371892.619498 3873244.609797 34.993701
373416.626937 3875399.300898 35.013317
377249.794159 3878367.061494 35.040544
369624.304998 3863802.250511 34.908291
369470.328407 3865875.718791 34.926963
371219.136971 3870595.671423 34.969736
370600.155355 3867937.130083 34.945691
379567.830985 3878459.217926 35.041654
381854.681664 3878558.468262 35.042819
384314.631745 3878968.895055 35.046804
386433.032918 3879923.101822 35.055647
388294.627410 3878532.151387 35.043315
390191.140665 3877727.958467 35.036273
391323.135040 3876428.356293 35.024679
392764.038183 3875628.732861 35.017624
392786.851706 3873945.922190 35.002455
394348.205383 3873169.446165 34.995619
367884.104777 3859616.781967 34.870335
369148.673669 3857855.829399 34.854624
369866.095218 3861546.731854 34.887989
369771.454587 3851075.397153 34.793579
369612.931387 3849087.178101 34.775635
370820.553526 3848019.102096 34.766160
369757.332839 3854400.414125 34.823552
370740.161445 3852719.728782 34.808526
370666.348688 3856568.379349 34.843212
375347.009023 3875278.059252 35.012464
376705.923869 3876430.959883 35.023024
373577.616531 3871456.880014 34.977797
374572.578460 3873450.496453 34.995893
378659.863968 3876313.199420 35.022199
371827.393022 3863350.912377 34.904503
371468.981792 3865476.445083 34.923619
373004.762539 3869080.432092 34.956302
372927.190388 3866997.173646 34.937512
374977.936276 3869858.415907 34.963561
381002.868782 3876532.972779 35.024459
383575.397096 3876803.095422 35.027194
386351.793593 3877142.603955 35.030571
389011.472413 3876055.589835 35.021067
390965.900710 3874742.527933 35.009442
391299.693217 3872948.508187 34.993304
392925.755422 3872103.581412 34.985860
370840.815185 3859226.179922 34.867194
372000.733107 3861246.075321 34.885550
371412.834881 3850774.732406 34.791077
372598.057748 3852402.351811 34.805899
372086.981683 3849189.846051 34.776874
372452.646442 3847007.419484 34.757245
373277.764764 3846662.130808 34.754235
374881.258492 3846049.289162 34.748908
372269.015445 3854706.972722 34.826634
372774.564552 3857362.394035 34.850636
373804.828462 3862460.848709 34.896727
377191.632078 3874100.473178 35.002074
376137.228527 3871796.141620 34.981172
379760.647158 3874385.570777 35.004953
373950.104541 3865030.350638 34.919909
375244.392038 3867578.547937 34.943041
377068.569415 3869669.061372 34.962110
382322.821397 3874742.909534 35.008476
384868.231188 3874854.035162 35.009771
387180.277831 3874869.147738 35.010168
389152.699870 3873247.892132 34.995770
390856.853369 3871014.914982 34.975824
373688.850271 3859877.640538 34.873425
374483.583545 3853294.611267 34.814177
373980.807648 3850843.076181 34.792014
373868.091880 3848504.673051 34.770919
375298.003267 3847425.511487 34.761366
376103.685744 3845578.738022 34.744815
377318.136425 3845105.466129 34.740695
378138.060093 3844785.322534 34.737907
374765.069652 3855732.774700 34.836192
374939.915764 3857916.056343 34.855896
375749.670760 3861566.791230 34.888907
375621.137414 3863601.805978 34.907237
378856.790673 3871829.939610 34.981806
381236.457919 3872807.500451 34.990901
376604.041403 3865532.572826 34.924763
377957.321738 3867560.750696 34.943211
379293.047606 3869555.732687 34.961356
383541.012794 3872727.301322 34.990446
386357.385198 3872835.517048 34.991742
388550.699522 3870922.559720 34.974740
376291.769715 3859490.251408 34.870253
383408.239890 3842751.124169 34.720183
382579.787334 3843082.871161 34.723079
381367.184335 3843546.861610 34.727122
379344.857851 3844327.957247 34.733927
380164.931778 3844002.230294 34.731087
376729.266014 3854462.257962 34.824978
376324.552415 3851845.245699 34.801336
376271.823850 3849316.127221 34.778529
377138.412950 3847012.397205 34.757865
379039.908598 3846081.739497 34.749702
377180.949701 3857091.083098 34.848732
378805.398940 3855461.295942 34.834234
390278.011372 3840114.001253 34.697168
388267.629692 3840879.513965 34.703852
377706.651049 3861102.611759 34.884960
377827.740033 3863236.514419 34.904212
381594.707664 3870546.639254 34.970561
379269.234455 3865563.531979 34.925363
380683.518633 3867777.968411 34.945494
384324.511588 3870733.578749 34.972562
386397.490530 3870903.308187 34.974327
378649.766720 3859282.555627 34.868665
387032.188843 3841370.408790 34.708142
385422.732398 3841994.783115 34.713592
384770.300205 3843485.339440 34.726957
383029.036113 3844448.554933 34.735443
381047.590688 3845248.171505 34.742423
378553.317255 3853083.006284 34.812763
378643.472760 3850774.405703 34.791961
378848.022100 3848437.797294 34.770920
381002.973544 3847425.670452 34.762049
380314.415335 3854145.574090 34.822551
379875.370454 3857484.089022 34.852597
381031.493445 3855826.029589 34.837785
392296.409843 3839356.832032 34.690556
390833.801839 3841568.816216 34.710344
388726.895404 3842531.262849 34.718794
379803.918444 3861514.087169 34.888920
380398.738665 3863624.930751 34.908020
383140.942183 3868202.751668 34.949610
382196.331095 3865413.523109 34.924355
385468.831252 3868623.710533 34.953671
387357.880036 3868720.003155 34.954751
381264.747752 3859682.209097 34.872577
386718.478393 3843470.702275 34.727043
388497.827737 3844200.994779 34.733823
385144.258863 3845236.166392 34.742784
383080.939852 3846436.010714 34.753367
380963.732714 3852223.952163 34.805303
381149.340407 3849895.643846 34.784334
383247.855509 3848787.934286 34.774590
382666.198590 3854385.508860 34.824988
382595.581003 3857285.004533 34.851120
393934.464920 3838705.303905 34.684853
394744.838694 3838392.783230 34.682119
393402.135946 3840858.174141 34.704208
396357.959375 3837776.365681 34.676726
398021.645118 3837546.204691 34.674818
399254.996302 3837692.032060 34.676255
392752.439927 3842849.191275 34.722091
390563.049979 3843518.258692 34.727891
382477.264617 3862349.662611 34.896766
384954.140518 3866348.293147 34.933099
384355.640083 3864132.529159 34.913055
387404.064666 3866910.534001 34.938443
389623.816522 3868172.000460 34.950060
391063.279479 3867403.457117 34.943287
383683.672499 3859917.375421 34.874977
389903.415648 3845306.544775 34.743943
387567.389409 3846049.875448 34.750390
385460.466590 3847497.729557 34.763209
383583.499359 3851591.720926 34.799906
385410.719206 3849858.032514 34.784483
384888.759557 3853647.685601 34.818590
384759.953768 3855910.960786 34.838980
384795.056822 3858048.620094 34.858256
391977.338611 3866676.286960 34.936829
394321.176872 3844086.377624 34.733409
395793.872582 3839946.399837 34.696234
395347.064356 3842135.892462 34.715929
397827.380076 3838992.421367 34.687838
399442.838599 3839171.640224 34.689614
400488.856282 3837838.350201 34.677695
402513.007167 3838071.605909 34.679993
404137.507726 3838262.533224 34.681868
392137.052445 3845367.047234 34.744727
394722.311770 3846117.938622 34.751767
385410.027313 3862073.647579 34.894613
387096.899090 3864486.380601 34.916554
389251.707932 3866142.232559 34.931720
390770.405103 3865633.910724 34.927302
386339.617338 3859789.295983 34.874123
390105.692107 3847332.006013 34.762226
387901.776850 3849064.631000 34.777607
386699.608818 3851997.081425 34.803912
386873.597502 3854851.759830 34.829668
386851.664315 3857431.790243 34.852926
391876.697159 3865303.527870 34.924442
392774.845465 3865594.977245 34.927165
396662.315312 3844193.447907 34.734614
398277.180814 3841496.712358 34.710462
401093.788569 3840087.204021 34.698030
403613.996479 3839717.240854 34.694935
405381.053883 3838415.167140 34.683360
392581.039860 3847730.111722 34.766079
394791.428594 3848230.063920 34.770817
397372.168215 3847185.810779 34.761665
387975.941716 3861869.059706 34.893055
389689.748824 3863782.557172 34.910494
391283.765193 3864301.755527 34.915347
388821.227804 3859265.905250 34.869679
390898.536454 3849781.353645 34.784394
389204.624142 3851476.364546 34.799493
389124.468192 3853906.760998 34.821396
388926.021827 3856507.973581 34.844826
392608.099201 3864301.632637 34.915487
406591.124578 3838550.893837 34.684695
408645.573056 3838800.039888 34.687127
410693.509718 3839042.827022 34.689497
398991.296965 3844510.092168 34.737702
400861.676486 3842726.489978 34.721804
403205.990743 3841600.991833 34.711881
405569.884739 3840589.258528 34.702980
399788.842942 3846659.719202 34.757162
393440.670906 3850246.532550 34.788857
396031.821437 3849910.273524 34.786093
399849.308834 3848764.951034 34.776149
398098.836023 3849826.333536 34.785545
390288.874066 3861489.423895 34.889885
391708.503954 3862849.563336 34.902300
390659.651455 3857860.070750 34.857204
391270.811862 3859719.875964 34.874037
391916.551309 3852755.738711 34.811319
391426.046014 3855732.103834 34.838101
393404.114973 3863004.563805 34.903877
413114.301766 3839320.806873 34.692212
407457.608356 3840667.153551 34.703855
409552.086985 3840482.548466 34.702378
411568.473364 3840839.285757 34.705771
401543.289659 3845338.893628 34.745424
402956.514318 3843765.255140 34.731371
404982.085403 3843178.598036 34.726272
407191.096122 3842624.149864 34.721476
402092.350991 3847724.500589 34.766986
394848.159788 3852457.373839 34.808936
397297.976722 3852036.003179 34.805387
401766.999687 3850235.018685 34.789590
399699.684083 3851329.885765 34.799260
392846.489299 3861089.210275 34.886550
393196.150761 3858289.459540 34.861345
394020.346229 3855300.679228 34.834485
394360.489424 3862848.277916 34.902568
415543.207280 3839613.095868 34.695051
416801.011877 3839769.456871 34.696564
414014.468426 3841192.773101 34.709167
418820.942459 3839998.541100 34.698792
409575.921929 3842630.702974 34.721749
412091.892993 3842804.755121 34.723538
404273.415315 3846020.575105 34.751830
406385.741253 3844915.252332 34.742060
408668.607224 3844900.408403 34.742133
404436.787445 3849126.142110 34.779846
396636.405654 3854695.726538 34.829300
398949.024869 3853642.119878 34.820033
403407.441843 3851698.622027 34.802943
401525.810058 3852990.885949 34.814414
395131.949625 3860603.434340 34.882409
396129.219294 3857734.210350 34.856643
396702.610231 3863035.819275 34.904500
420894.194490 3840274.852215 34.701446
416565.184777 3841665.510928 34.713641
414292.086240 3843399.432225 34.729087
418934.421265 3842141.985002 34.718128
414503.696586 3845528.971064 34.748306
411606.851132 3845227.284799 34.745339
406982.209982 3847396.564235 34.764487
409538.821885 3847081.141024 34.761873
406821.712014 3850000.130390 34.787947
405558.859894 3851873.106704 34.804718
398568.928259 3856275.862303 34.843741
400371.345281 3855174.469829 34.833989
404051.643647 3854136.133772 34.824981
402269.774842 3855318.747459 34.835474
397555.687350 3860398.968655 34.880813
398857.469193 3858532.885317 34.864119
398611.300885 3862257.133475 34.897672
421365.866351 3842707.142611 34.723414
423336.867841 3841068.679515 34.708790
417049.703874 3844264.299618 34.737113
419415.941325 3844215.996144 34.736867
416333.263563 3846697.180278 34.758991
421393.528392 3845034.777799 34.744404
413684.202430 3847381.557927 34.764941
415392.886514 3848467.975605 34.774880
411558.239386 3848425.108022 34.774168
409137.961509 3849575.216658 34.784325
408271.403503 3852395.272753 34.809674
406412.067556 3853967.122606 34.823677
405471.985959 3856084.074425 34.842677
401088.114870 3857612.236142 34.856038
403645.580719 3856888.457362 34.849758
400487.208466 3860468.785502 34.881734
400362.322346 3863075.744963 34.905226
423616.891874 3843989.754592 34.735150
425409.186654 3843259.069666 34.728694
416257.808712 3849957.956351 34.788386
419010.517223 3846449.185462 34.756971
417695.293844 3848483.446940 34.775208
421373.726577 3847108.966466 34.763105
423754.471105 3846118.733464 34.754357
413832.319406 3850127.449778 34.789712
411280.056473 3851563.387385 34.802440
410092.808222 3853667.458738 34.821307
408225.233711 3855396.848769 34.836733
406759.204938 3857460.164548 34.855203
405244.279607 3858708.378680 34.866317
403218.149350 3859573.165430 34.873923
403027.077200 3861985.773737 34.895657
403017.371578 3864078.039023 34.914520
426537.643684 3845136.334101 34.745703
428280.735973 3846410.155526 34.757313
415857.053210 3851745.887052 34.804474
418044.212148 3850676.819752 34.795013
420172.110387 3849101.523385 34.780978
422943.415007 3848578.354197 34.776474
425160.172174 3847640.536141 34.768183
413825.118215 3852810.927030 34.813907
412219.968266 3854414.349142 34.828227
410518.020534 3855504.951053 34.837912
410051.681314 3857166.616609 34.852853
408524.393249 3857856.070032 34.858933
407579.092662 3859605.085963 34.874617
405715.919746 3861454.018914 34.891116
405190.740600 3864030.622155 34.914298
404744.334224 3866133.185630 34.933213
427146.317972 3848141.833091 34.772847
429504.626153 3847778.982535 34.769741
415749.012776 3853718.585420 34.822252
417710.185857 3852861.334269 34.814683
419917.111733 3851769.797008 34.805017
422332.496234 3850818.333252 34.796625
425044.922360 3849948.157391 34.788982
414457.531601 3855526.578466 34.838446
412206.593412 3857248.199892 34.853777
410280.223681 3859394.665858 34.872962
414335.938525 3858023.927339 34.860953
408594.722194 3861658.502267 34.893223
410886.853440 3861719.852817 34.893980
405327.437326 3869082.857401 34.959862
407451.487730 3864049.939301 34.914681
406579.671402 3866618.667498 34.937761
427119.283381 3850467.239465 34.793813
429021.649894 3849892.948899 34.788769
431162.804539 3849627.126059 34.786519
417117.651580 3855189.389887 34.835626
419404.728967 3854257.576832 34.827408
421553.152011 3853305.794451 34.818994
423948.984053 3852520.273232 34.812093
426186.426312 3852431.472445 34.811457
416454.587806 3857337.141676 34.854937
413012.467938 3860063.373551 34.879229
415740.095862 3859820.262375 34.877267
412832.704688 3862272.073188 34.899128
409715.756239 3864003.566121 34.914467
411582.309217 3863595.364919 34.910951
405424.186993 3870330.077829 34.971116
407280.827787 3868748.146768 34.957025
408952.324538 3866651.056207 34.938269
428453.294465 3852277.223028 34.810228
430707.493405 3851927.333474 34.807229
433258.247668 3851907.104210 34.807217
418887.714657 3856673.575480 34.849151
421135.650064 3855840.019418 34.841812
423061.053196 3854817.305870 34.832738
425219.136336 3854855.573609 34.833244
427555.818727 3854575.085859 34.830884
418258.615329 3859003.002341 34.870104
417506.693621 3861416.111202 34.891801
414944.126244 3862301.665265 34.899574
413309.012958 3864273.239849 34.917212
411342.293182 3865639.000140 34.929356
407377.607844 3870860.944829 34.976083
406322.312270 3872989.508163 34.995177
409267.954860 3869553.145921 34.964463
411197.569948 3868078.010126 34.951334
407600.802144 3875028.695361 35.013680
429931.959230 3854284.026819 34.828426
428945.459503 3856534.305296 34.848648
432323.315201 3854054.138069 34.826515
434884.679652 3853732.284214 34.823780
420872.544550 3858260.263309 34.863614
423558.857107 3857215.016905 34.854395
426446.264606 3857046.324058 34.853087
420056.469685 3860654.729617 34.885140
417089.502744 3863701.599114 34.912374
419298.487111 3862862.118295 34.904983
415228.130982 3865013.087710 34.924045
413397.927959 3866676.152126 34.938885
417038.164554 3865896.505343 34.932160
409018.612941 3872437.581668 34.990447
411299.110364 3870773.726002 34.975648
413354.863242 3869086.868243 34.960617
409859.194207 3874672.886579 35.010676
409400.329397 3876952.491438 35.031188
431570.370770 3856244.506681 34.846215
428262.633475 3859155.851140 34.872238
430503.647261 3858123.914372 34.863089
434056.571121 3856124.255069 34.845295
436525.573487 3855560.304925 34.840367
422769.424965 3860045.188218 34.879854
425350.623031 3859455.721898 34.874732
421787.307109 3862388.442273 34.900907
418908.456730 3865181.992340 34.925869
420741.689357 3864354.178933 34.918550
415704.481752 3867682.820355 34.948156
418398.551845 3867480.895973 34.946556
411631.620643 3873234.849257 34.997867
413589.203067 3871723.105713 34.984406
415269.825862 3870184.980767 34.970680
411837.821683 3875887.868757 35.021805
411426.696342 3878551.103052 35.045781
421770.398059 3888943.647989 35.140338
421268.497541 3888198.785777 35.133583
421050.294303 3887760.697300 35.129616
426838.180345 3861174.720142 34.890340
428961.683114 3861500.685866 34.893430
433107.603949 3858514.871639 34.866789
430861.050027 3860192.112343 34.881762
436069.502184 3858091.035799 34.863158
438581.267893 3857805.803875 34.860741
439827.633923 3859191.449717 34.873310
434930.280969 3859921.405225 34.879590
424582.609673 3862375.063703 34.900998
422842.433249 3864571.885172 34.920675
420922.106299 3866602.155369 34.938833
422929.586523 3889067.590661 35.141545
440643.598944 3861595.897559 34.895039
417454.714338 3869801.170558 34.967400
419999.174617 3869161.636392 34.961838
413984.423898 3874264.115591 35.007350
416243.882569 3872403.950087 34.990768
413559.794391 3879643.150784 35.055812
414042.260965 3877162.355750 35.033486
422203.455489 3888108.311027 35.132840
420731.485129 3886979.999996 35.122552
421803.412234 3887351.788647 35.125988
420387.441365 3886455.739719 35.117798
427164.425477 3863310.812586 34.909624
429291.935545 3863464.465946 34.911160
431201.541570 3862473.278916 34.902354
433052.491856 3861115.618523 34.890236
437729.842013 3860653.851934 34.886370
435054.839035 3861890.485808 34.897353
423246.945243 3866683.585205 34.939746
425503.312832 3865274.363446 34.927208
422388.144257 3868752.722619 34.958337
423010.196147 3887960.126953 35.131566
438627.528890 3862918.506553 34.906845
440665.943245 3863547.287850 34.912636
418991.765497 3871686.271617 34.984521
421391.945072 3871134.127312 34.979732
416221.364735 3875196.440781 35.015944
418239.982867 3873935.241741 35.004738
416557.292717 3881220.603130 35.070287
415496.659335 3879585.576697 35.055457
416351.275007 3877339.154869 35.035274
422788.398887 3887101.012473 35.123803
421213.704313 3886620.995434 35.119353
422328.357701 3886371.597430 35.117191
419374.285289 3885763.057869 35.111472
418585.589218 3884830.121036 35.102997
418288.458365 3883423.214739 35.090288
417892.470758 3882618.683807 35.083002
420708.317994 3885444.193973 35.108703
428335.926142 3865336.556094 34.927973
430937.923837 3864732.500138 34.922707
433539.653427 3863670.164983 34.913302
436335.147195 3863636.190121 34.913175
424934.698974 3868051.568647 34.952207
427222.754736 3867376.481645 34.946287
424009.525704 3870477.886900 34.974015
423635.006710 3886870.806629 35.121792
438862.254207 3865161.707410 34.927086
440681.494767 3866548.305818 34.939697
420743.621075 3873882.623810 35.004463
423116.763304 3872585.296950 34.992949
418867.226044 3876295.010880 35.026065
418182.859305 3880441.761645 35.063398
417945.881391 3878514.157889 35.045999
421200.541214 3876150.079998 35.024943
423562.697417 3886118.778250 35.115006
421906.032095 3885320.350105 35.107680
423152.732428 3885262.907329 35.107258
419902.611185 3884068.094005 35.096232
419437.630477 3882361.958165 35.080812
421470.939645 3884184.496267 35.097405
420258.790019 3880903.229526 35.067725
429991.058545 3867167.190235 34.944595
432585.898489 3866245.462666 34.936460
434813.475520 3865484.691003 34.929746
436824.972839 3866316.311346 34.937372
426379.584769 3869968.025062 34.969593
428377.638134 3869140.735425 34.962277
425778.136999 3872637.883183 34.993622
424350.882815 3886782.292903 35.121048
438783.645229 3867538.323364 34.948511
440687.173400 3868561.369494 34.957849
423596.235352 3874810.076079 35.013045
420571.797062 3878779.000912 35.048597
422899.434515 3877337.900438 35.035784
424452.975410 3885395.511648 35.108552
423369.302909 3883893.112436 35.094924
421497.615645 3882640.614396 35.083487
422104.281594 3880771.219130 35.066679
430288.178466 3869458.105526 34.965272
432278.718913 3868567.968406 34.957381
434606.875667 3867679.622013 34.949524
436611.027131 3868847.278602 34.960180
426049.519481 3875016.083541 35.015085
428666.169744 3871536.597518 34.983900
428120.621378 3873958.534095 35.005699
424725.696228 3886629.669220 35.119700
438687.334729 3869921.278820 34.969992
440701.430077 3870572.609002 34.975985
440709.617431 3872056.660147 34.989367
425117.786751 3877064.070336 35.033482
423597.439241 3879312.182668 35.053638
425343.211772 3884672.226113 35.102097
424070.606352 3882261.843081 35.080269
431626.222732 3871148.603720 34.980606
434202.181834 3870138.836882 34.971672
436422.285137 3871333.836547 34.982589
427759.187988 3876596.102212 35.029455
430807.466997 3873354.371824 35.000439
429778.641545 3875324.063378 35.018128
427077.925781 3885727.514026 35.111739
438865.933149 3872227.870235 34.990801
440719.664887 3873559.556035 35.002919
426454.372692 3878867.185052 35.049838
425788.128498 3880835.675542 35.067538
427755.360395 3884275.181234 35.098693
426675.753949 3882692.181050 35.084342
428640.000391 3878610.219479 35.047678
433844.730048 3873013.523588 34.997569
436686.598736 3873682.502169 35.003783
430301.267138 3877279.325022 35.035794
432150.221786 3875409.009771 35.019056
428982.512131 3886080.186010 35.115055
439041.576682 3874540.368984 35.011663
440729.434252 3875047.263271 35.016334
440739.436649 3876556.265811 35.029941
437386.717924 3875636.791655 35.021448
429683.521683 3884647.449305 35.102186
428371.783134 3880778.687199 35.067211
429070.132108 3882876.469044 35.086175
430647.254565 3879479.957563 35.055660
434810.114344 3875873.020316 35.023415
432657.027063 3877786.399974 35.040526
430303.252862 3886182.408657 35.116069
431037.337766 3887109.316336 35.124477
440758.860553 3878012.863628 35.043076
438874.351342 3876868.814210 35.032648
436608.090883 3877414.216614 35.037426
431107.603818 3885189.963139 35.107176
431115.850042 3883645.621585 35.093252
430910.648972 3881690.106710 35.075606
432890.048930 3880390.866618 35.064025
434881.048622 3878697.497618 35.048887
431861.900646 3886358.007148 35.117759
431893.165462 3888131.190884 35.133749
439382.766674 3879339.139336 35.054953
440766.090397 3880551.527929 35.065967
437311.613122 3879514.433198 35.056407
432610.323388 3884968.847583 35.105284
433285.384097 3882991.824104 35.087503
435200.333159 3881151.782677 35.071037
433295.702313 3886778.008904 35.121642
433832.764747 3888324.119824 35.135618
440780.111733 3882549.496032 35.083983
438744.763468 3882182.805284 35.080555
436994.082860 3882239.912836 35.080962
434430.817528 3885262.508286 35.108052
435826.771580 3883764.279661 35.094633
435171.379016 3887184.530128 35.125430
440810.944347 3883993.500045 35.097005
438498.681777 3884576.811660 35.102126
436680.988182 3885753.710325 35.112625
436665.719266 3887352.535185 35.127040
435491.231416 3888558.718331 35.137841
440803.762876 3886526.291939 35.119842
438708.172215 3887214.402347 35.125921
436986.697271 3888581.364785 35.138140
440839.882767 3889046.167653 35.142565
438678.116383 3889022.045916 35.142218
